180?/s	1500?/s?	56pi*mm/360?	50ms/snap
R	G	B	Ambient	RedMode	ID
46.5	59.0	10.75	0.02	0.98	3.0
44.5	57.25	10.25	0.05	0.57	3.0
46.0	58.5	10.5	0.06	0.61	3.0
50.75	63.25	11.0	0.06	0.65	3.0
49.25	62.25	10.75	0.06	0.62	3.0
49.25	62.25	10.75	0.05	0.65	3.0
50.0	63.0	11.0	0.06	0.62	3.0
48.5	62.0	10.5	0.06	0.61	3.0
48.0	60.75	10.5	0.06	0.61	3.0
47.75	60.25	10.0	0.06	0.62	3.0
47.5	60.0	10.25	0.06	0.6	3.0
48.5	61.0	10.25	0.06	1.0	3.0
50.25	62.5	10.25	0.06	0.65	3.0
51.5	64.5	11.0	0.06	1.0	3.0
51.0	63.75	10.75	0.05	1.0	3.0
47.0	59.75	10.25	0.05	0.59	3.0
48.5	61.75	10.75	0.06	0.62	3.0
49.75	63.0	10.75	0.06	0.63	3.0
47.5	60.25	10.5	0.05	0.6	3.0
47.5	60.75	10.5	0.05	0.6	3.0
46.75	59.75	10.25	0.05	0.59	3.0
48.0	61.0	10.25	0.06	0.6	3.0
45.5	58.25	10.0	0.06	0.59	3.0
46.75	59.0	10.0	0.05	0.61	3.0
45.5	58.0	10.25	0.05	0.58	3.0
46.75	59.25	10.5	0.05	0.58	3.0
45.5	57.5	10.5	0.06	0.59	3.0
45.75	59.25	10.25	0.05	0.49	3.0
13.0	35.5	7.75	0.04	0.17	7.0
41.25	52.75	10.5	0.04	1.0	3.0
46.25	57.5	10.25	0.05	0.57	3.0
46.25	58.75	10.5	0.07	0.61	3.0
46.75	59.0	10.75	0.06	1.0	3.0
47.25	59.75	10.5	0.06	1.0	3.0
48.75	60.5	10.5	0.06	0.63	3.0
47.5	59.5	10.25	0.06	0.61	3.0
46.0	58.0	10.5	0.05	0.59	3.0
46.5	58.75	10.25	0.05	0.6	3.0
48.75	61.75	11.0	0.06	0.61	3.0
49.0	62.25	10.5	0.06	1.0	3.0
48.25	61.25	11.0	0.07	0.61	3.0
46.5	59.5	10.5	0.06	0.6	3.0
46.25	59.25	10.5	0.06	0.6	3.0
45.5	58.25	11.0	0.05	0.57	3.0
46.75	60.0	10.75	0.06	0.99	3.0
47.5	59.75	10.75	0.06	0.6	3.0
48.25	60.75	10.5	0.05	1.0	3.0
45.5	57.25	10.25	0.06	0.58	3.0
45.25	56.75	10.25	0.05	0.57	3.0
46.25	57.5	10.0	0.06	0.6	3.0
47.5	58.75	10.25	0.05	1.0	3.0
50.0	61.75	10.5	0.06	0.64	3.0
50.0	62.5	10.5	0.07	1.0	3.0
51.0	63.5	11.0	0.06	0.64	3.0
48.0	60.25	10.5	0.06	0.6	3.0
48.5	60.75	10.5	0.07	0.61	3.0
48.25	60.5	10.5	0.06	1.0	3.0
46.5	59.0	10.0	0.06	0.58	3.0
44.25	55.5	10.0	0.06	0.57	3.0
45.25	57.75	10.5	0.06	1.0	3.0
46.25	59.0	10.5	0.05	0.58	3.0
44.75	57.75	10.0	0.05	0.57	3.0
43.75	56.75	9.75	0.05	0.99	3.0
45.0	58.5	10.5	0.06	0.57	3.0
45.75	59.25	10.5	0.06	0.59	3.0
48.25	61.75	11.0	0.06	0.61	3.0
47.0	60.5	11.0	0.05	0.59	3.0
46.5	59.25	10.75	0.07	0.59	3.0
44.75	58.0	10.5	0.06	0.57	3.0
6.5	12.5	4.5	0.04	0.08	7.0
5.0	7.5	4.25	0.01	0.1	13.0
39.25	49.25	9.5	0.02	0.49	3.0
38.5	48.75	9.5	0.05	0.94	3.0
40.5	50.75	9.75	0.06	0.95	3.0
40.75	51.5	10.0	0.06	0.52	3.0
42.0	52.75	10.5	0.06	0.97	3.0
41.25	52.5	10.0	0.06	0.52	3.0
41.0	52.0	10.0	0.06	0.52	3.0
53.5	65.25	11.25	0.06	0.67	3.0
54.5	66.75	10.75	0.05	0.7	3.0
55.25	67.75	11.0	0.05	0.71	3.0
54.75	67.0	10.75	0.06	0.71	3.0
56.25	68.0	11.25	0.06	0.71	3.0
55.5	68.5	11.0	0.06	0.7	3.0
55.75	68.25	11.0	0.06	0.73	3.0
54.25	67.25	11.0	0.06	0.62	3.0
49.75	62.75	11.0	0.06	0.61	3.0
49.0	62.5	11.0	0.05	0.63	3.0
50.25	63.75	11.25	0.06	0.62	3.0
47.5	60.0	10.75	0.06	0.61	3.0
49.0	61.5	10.75	0.06	0.62	3.0
46.25	58.75	10.5	0.06	0.59	3.0
47.25	59.75	10.75	0.06	0.6	3.0
47.0	60.25	10.75	0.06	0.6	3.0
47.0	60.0	10.75	0.06	0.6	3.0
47.0	59.75	10.75	0.06	0.6	3.0
47.25	59.5	10.5	0.05	0.6	3.0
46.75	58.75	10.75	0.06	0.59	3.0
46.0	57.75	10.25	0.06	0.58	3.0
45.5	57.0	10.25	0.06	0.59	3.0
45.5	57.0	10.5	0.05	0.58	3.0
46.75	58.75	10.5	0.06	0.59	3.0
48.5	60.0	10.25	0.06	0.62	3.0
47.5	59.5	10.5	0.06	0.6	3.0
46.75	58.75	10.5	0.05	0.6	3.0
47.5	59.75	10.5	0.06	1.0	3.0
45.75	57.25	10.5	0.06	1.0	3.0
46.5	58.5	10.0	0.05	0.59	3.0
45.0	57.25	10.5	0.05	0.57	3.0
44.5	57.0	10.25	0.05	0.57	3.0
44.75	57.0	10.25	0.05	0.57	3.0
44.75	56.5	10.25	0.04	1.0	3.0
28.75	45.75	16.25	0.04	0.13	2.0
8.25	32.75	21.0	0.03	0.17	2.0
43.75	56.0	10.25	0.04	0.56	3.0
43.5	55.5	10.25	0.04	0.57	3.0
44.25	56.5	10.25	0.04	0.56	3.0
46.75	59.25	10.5	0.05	0.6	3.0
45.75	57.75	10.75	0.04	0.57	3.0
46.25	59.0	10.25	0.05	0.59	3.0
43.5	56.25	9.75	0.04	0.96	3.0
43.25	56.0	10.0	0.05	0.58	3.0
48.0	60.5	10.5	0.05	0.61	3.0
47.25	60.0	10.5	0.04	0.6	3.0
46.0	58.75	10.0	0.05	0.58	3.0
47.25	60.75	10.5	0.04	1.0	3.0
47.5	61.0	10.5	0.04	0.6	3.0
46.0	59.5	10.25	0.04	0.58	3.0
48.0	61.0	10.25	0.05	0.64	3.0
49.0	62.25	10.75	0.05	0.62	3.0
48.0	60.75	10.75	0.05	0.62	3.0
48.75	61.25	10.75	0.05	0.62	3.0
47.25	59.5	10.5	0.04	0.61	3.0
46.75	59.5	10.5	0.05	0.6	3.0
45.25	57.75	10.25	0.05	0.59	3.0
46.0	58.5	10.25	0.05	0.58	3.0
45.25	58.25	10.0	0.04	0.57	3.0
45.0	57.75	10.5	0.06	0.58	3.0
44.25	57.0	10.0	0.06	0.56	3.0
43.25	56.0	10.0	0.04	0.99	3.0
44.25	57.5	10.0	0.04	0.57	3.0
46.75	60.0	10.75	0.06	0.58	3.0
45.0	58.25	10.25	0.05	0.58	3.0
44.75	58.25	10.25	0.06	0.57	3.0
43.75	57.25	10.25	0.05	0.56	3.0
44.25	57.5	10.25	0.06	0.57	3.0
44.5	58.0	10.25	0.05	1.0	3.0
45.0	58.25	10.5	0.05	0.57	3.0
46.75	60.5	10.5	0.05	0.6	3.0
47.5	60.75	10.75	0.06	0.6	3.0
46.75	59.75	10.5	0.05	0.6	3.0
47.0	59.75	10.5	0.05	0.6	3.0
47.75	61.0	10.75	0.06	0.6	3.0
47.0	60.25	10.5	0.05	1.0	3.0
45.75	58.75	10.25	0.05	1.0	3.0
46.5	60.0	10.75	0.05	0.58	3.0
45.5	59.25	11.0	0.05	0.58	3.0
44.25	58.25	11.0	0.05	0.54	3.0
53.5	77.25	45.75	0.06	0.7	6.0
51.75	76.0	44.5	0.08	0.63	6.0
21.75	31.0	18.0	0.04	0.28	2.0
