180?/s	1500?/s?	56pi*mm/360?	50ms/snap
R	G	B	Ambient	RedMode	ID
58.0	79.25	45.25	0.0	0.69	6.0
58.75	78.5	44.75	0.05	0.75	6.0
56.75	76.75	43.5	0.07	0.72	6.0
56.75	76.75	43.5	0.07	0.74	6.0
57.5	77.75	44.25	0.07	1.0	6.0
57.75	79.25	45.75	0.07	0.74	6.0
58.25	79.75	45.0	0.06	1.0	6.0
58.0	79.5	44.75	0.07	0.74	6.0
56.5	77.75	44.0	0.07	0.72	6.0
57.0	78.5	44.0	0.06	1.0	6.0
58.5	80.0	44.25	0.07	1.0	6.0
57.25	78.75	43.25	0.07	0.72	6.0
55.25	76.5	42.75	0.07	0.71	6.0
54.5	75.75	42.5	0.06	0.7	6.0
58.5	84.75	47.5	0.07	0.74	6.0
59.75	85.5	49.0	0.07	0.77	6.0
60.75	84.75	49.0	0.08	0.79	6.0
62.25	87.0	49.0	0.07	0.79	6.0
63.75	88.0	48.75	0.08	0.8	6.0
62.75	85.75	47.75	0.09	1.0	6.0
59.0	81.75	47.0	0.06	0.75	6.0
56.25	79.75	46.25	0.07	1.0	6.0
60.0	83.75	46.75	0.07	1.0	6.0
58.5	81.75	46.5	0.07	0.74	6.0
58.5	81.75	46.0	0.08	0.75	6.0
59.25	82.5	46.0	0.07	0.76	6.0
59.0	82.25	46.25	0.08	0.77	6.0
57.25	80.5	45.5	0.07	0.74	6.0
59.5	82.0	46.0	0.08	1.0	6.0
60.5	82.75	46.0	0.06	0.78	6.0
61.5	83.25	46.5	0.08	0.79	6.0
59.5	82.5	45.75	0.08	1.0	6.0
60.25	83.0	46.0	0.08	0.78	6.0
62.75	82.25	43.75	0.08	0.81	6.0
64.75	84.75	45.5	0.08	0.82	6.0
64.0	86.5	46.75	0.07	0.83	6.0
62.0	83.0	45.75	0.06	0.78	6.0
60.25	80.75	44.5	0.09	0.76	6.0
57.25	78.25	43.75	0.08	0.74	6.0
58.5	80.5	45.0	0.07	0.71	6.0
55.5	77.5	44.5	0.07	1.0	6.0
55.75	77.75	44.75	0.08	1.0	6.0
56.0	78.5	44.75	0.07	0.71	6.0
56.5	79.5	45.25	0.07	0.71	6.0
54.25	77.75	44.5	0.08	0.69	6.0
54.25	77.75	44.75	0.07	0.69	6.0
53.75	77.25	44.5	0.07	0.69	6.0
55.25	79.5	45.75	0.08	1.0	6.0
59.5	85.5	48.75	0.08	0.75	6.0
46.5	68.0	38.0	0.07	0.6	6.0
53.25	77.5	47.75	0.07	0.73	6.0
56.25	80.75	47.25	0.06	0.73	6.0
56.5	80.75	48.0	0.08	0.73	6.0
57.75	82.75	49.0	0.08	0.74	6.0
58.75	82.75	48.5	0.08	0.76	6.0
61.0	86.75	50.5	0.09	0.78	6.0
58.75	83.25	48.25	0.08	1.0	6.0
58.75	82.25	47.5	0.07	1.0	6.0
58.25	80.75	46.5	0.08	0.76	6.0
60.25	83.25	46.25	0.07	0.77	6.0
59.75	82.0	47.25	0.08	0.77	6.0
59.0	81.5	47.25	0.08	0.75	6.0
58.75	81.25	47.0	0.08	0.76	6.0
60.75	83.0	47.25	0.08	0.77	6.0
56.0	78.25	45.25	0.08	0.71	6.0
56.75	79.0	46.25	0.07	0.74	6.0
58.5	83.25	47.75	0.08	1.0	6.0
59.5	84.5	48.25	0.08	0.76	6.0
59.0	84.75	48.75	0.07	0.74	6.0
57.0	82.5	47.5	0.09	1.0	6.0
57.75	84.0	48.5	0.07	1.0	6.0
58.0	82.75	47.25	0.08	0.75	6.0
56.75	81.5	46.5	0.08	0.71	6.0
53.75	78.25	45.75	0.07	0.69	6.0
54.0	78.0	45.75	0.07	0.69	6.0
53.25	77.0	45.25	0.06	0.68	6.0
54.5	77.75	45.5	0.08	0.68	6.0
51.25	73.5	43.25	0.07	0.65	6.0
50.75	71.5	42.0	0.07	0.65	6.0
53.25	74.5	43.5	0.06	0.67	6.0
51.5	73.25	42.75	0.07	0.65	6.0
51.75	73.0	42.5	0.06	1.0	6.0
51.75	71.75	41.25	0.07	0.67	6.0
52.0	71.75	40.75	0.06	0.67	6.0
55.25	76.5	44.0	0.06	0.7	6.0
54.0	75.75	43.75	0.08	0.68	6.0
52.0	74.0	42.75	0.07	0.67	6.0
48.0	68.0	39.25	0.07	1.0	6.0
50.75	72.5	42.5	0.06	0.67	6.0
54.5	77.25	44.25	0.07	1.0	6.0
52.5	73.25	43.0	0.07	0.67	6.0
53.0	72.5	42.25	0.07	0.7	6.0
53.75	72.75	41.75	0.08	0.69	6.0
56.75	76.25	43.5	0.07	0.73	6.0
55.25	74.5	42.75	0.08	0.71	6.0
53.0	71.25	40.75	0.07	0.71	6.0
55.75	75.25	42.75	0.06	0.71	6.0
58.5	80.0	44.5	0.07	0.75	6.0
54.5	76.5	43.75	0.07	0.7	6.0
53.5	74.25	42.25	0.07	1.0	6.0
53.5	73.75	42.0	0.07	0.68	6.0
53.5	74.0	42.25	0.08	0.7	6.0
55.0	75.75	43.0	0.06	0.69	6.0
51.25	72.0	41.5	0.07	0.65	6.0
51.75	72.75	42.25	0.07	0.66	6.0
52.75	74.25	43.0	0.07	0.67	6.0
52.0	73.0	42.0	0.06	0.68	6.0
52.0	72.75	42.25	0.07	0.67	6.0
52.25	73.0	42.25	0.06	0.67	6.0
54.75	77.0	44.5	0.08	1.0	6.0
56.5	79.25	45.5	0.07	0.73	6.0
51.25	72.25	41.5	0.07	0.63	6.0
52.0	73.5	42.25	0.07	1.0	6.0
51.0	71.75	41.75	0.06	0.65	6.0
50.75	71.5	41.5	0.07	0.65	6.0
50.0	70.5	41.25	0.07	0.63	6.0
49.25	69.0	40.25	0.06	0.63	6.0
50.0	70.75	41.0	0.07	0.63	6.0
50.25	70.5	41.0	0.07	0.64	6.0
50.5	70.0	40.0	0.07	0.64	6.0
48.25	66.75	37.75	0.06	0.61	6.0
47.25	65.25	37.25	0.07	1.0	6.0
48.5	66.5	37.75	0.06	1.0	6.0
52.0	70.75	39.5	0.07	0.67	6.0
49.75	67.75	36.25	0.06	0.54	2.0
1.0	2.25	0.25	0.02	0.0	-1.0
