180?/s	1500?/s?	56pi*mm/360?	50ms/snap
R	G	B	Ambient	RedMode	ID
24.0	33.75	19.0	0.02	0.73	2.0
29.0	8.25	4.25	0.02	0.36	0.0
29.75	9.0	5.0	0.02	0.37	0.0
29.0	8.25	4.5	0.02	0.37	0.0
28.25	8.25	4.5	0.02	0.36	0.0
29.25	8.75	4.75	0.02	0.37	0.0
30.0	8.75	4.75	0.02	0.81	0.0
27.75	8.25	4.5	0.02	0.35	0.0
28.0	8.25	4.5	0.02	0.81	0.0
28.5	8.25	4.5	0.02	0.82	0.0
29.25	8.5	4.75	0.02	0.37	0.0
30.0	8.75	4.75	0.02	0.38	0.0
30.5	9.0	5.0	0.02	0.38	0.0
29.75	9.0	4.75	0.02	0.37	0.0
29.75	8.75	5.0	0.02	0.37	0.0
30.5	8.75	4.75	0.02	0.83	0.0
30.25	9.0	4.75	0.02	0.39	0.0
30.5	8.75	4.75	0.02	0.38	0.0
29.75	8.75	5.0	0.02	0.37	0.0
29.0	8.5	4.75	0.02	0.79	0.0
28.5	8.75	4.5	0.02	0.37	0.0
29.25	8.5	4.75	0.02	0.37	0.0
28.5	8.75	4.75	0.02	0.36	0.0
29.5	9.5	4.75	0.02	0.38	0.0
30.25	9.25	5.0	0.02	0.39	0.0
30.25	8.75	4.5	0.02	0.39	0.0
31.0	9.0	4.75	0.02	0.4	0.0
30.5	9.0	4.75	0.02	0.81	0.0
30.0	9.0	5.0	0.02	0.38	0.0
28.75	9.0	4.75	0.02	0.36	0.0
29.25	9.0	5.0	0.02	0.8	0.0
29.0	8.5	4.75	0.02	0.37	0.0
28.75	8.25	4.25	0.02	0.37	0.0
29.5	9.25	5.0	0.02	0.8	0.0
29.5	9.25	5.25	0.02	0.83	0.0
29.75	9.25	5.0	0.02	0.38	0.0
29.75	9.0	4.75	0.02	0.38	0.0
31.0	9.75	5.0	0.02	0.82	0.0
31.0	9.75	5.5	0.02	0.81	0.0
13.0	34.5	8.25	0.02	0.17	7.0
27.0	16.25	5.25	0.02	0.84	0.0
30.0	9.0	5.0	0.02	0.38	0.0
29.25	8.75	5.0	0.02	0.37	0.0
29.25	8.25	4.5	0.02	0.38	0.0
29.5	8.5	4.75	0.02	0.37	0.0
29.5	8.5	4.5	0.02	0.37	0.0
28.75	8.25	4.5	0.02	0.36	0.0
28.75	8.75	4.75	0.02	0.82	0.0
29.75	8.5	4.75	0.02	0.8	0.0
30.0	8.5	4.75	0.02	0.84	0.0
29.75	8.25	4.75	0.02	0.38	0.0
29.75	8.75	4.75	0.02	0.83	0.0
30.5	8.75	4.75	0.02	0.39	0.0
30.75	8.75	4.5	0.02	0.84	0.0
30.75	8.5	4.5	0.02	0.4	0.0
30.75	8.5	4.5	0.02	0.39	0.0
31.0	8.25	4.5	0.02	0.4	0.0
29.75	8.75	4.75	0.02	0.39	0.0
-4158.75	-85.0	-3862.75	0.02	0.85	0.0
29.75	8.5	4.25	0.02	0.39	0.0
30.25	8.5	4.5	0.02	0.39	0.0
31.25	8.75	4.75	0.02	0.39	0.0
30.5	9.0	4.5	0.02	0.85	0.0
31.25	8.75	4.75	0.02	0.4	0.0
31.5	9.0	4.75	0.02	0.84	0.0
31.5	8.75	4.75	0.02	0.83	0.0
30.0	8.25	4.25	0.02	0.38	0.0
30.5	9.0	5.0	0.02	0.38	0.0
31.0	9.5	5.0	0.02	0.4	0.0
31.25	9.25	4.75	0.02	0.4	0.0
32.25	9.25	5.0	0.02	0.41	0.0
31.75	9.0	4.5	0.02	0.84	0.0
31.75	9.0	4.75	0.02	0.41	0.0
34.0	9.5	5.0	0.02	0.43	0.0
30.5	8.5	4.5	0.02	0.38	0.0
31.75	9.25	4.75	0.02	0.41	0.0
31.25	8.75	4.5	0.02	0.4	0.0
31.75	9.0	4.75	0.02	0.85	0.0
30.25	9.0	5.0	0.02	0.38	0.0
29.75	8.5	4.5	0.02	0.8	0.0
29.25	9.0	4.75	0.02	0.36	0.0
7.5	9.25	5.5	0.01	0.55	7.0
7.75	7.75	4.25	0.0	0.16	0.0
28.0	8.75	4.75	0.01	0.36	0.0
28.5	8.25	4.75	0.02	0.36	0.0
29.25	8.5	4.75	0.02	0.38	0.0
29.75	8.75	4.75	0.02	0.37	0.0
28.75	8.25	4.5	0.02	0.36	0.0
28.0	8.25	4.5	0.02	0.36	0.0
31.25	9.0	5.0	0.02	0.41	0.0
33.75	9.25	5.0	0.02	0.41	0.0
30.75	9.5	5.0	0.02	0.82	0.0
32.0	8.75	4.75	0.02	0.4	0.0
31.25	8.75	4.75	0.02	0.4	0.0
31.25	8.5	4.5	0.02	0.4	0.0
31.5	8.5	4.5	0.02	0.83	0.0
32.0	9.25	5.25	0.02	0.4	0.0
30.5	8.5	4.25	0.02	0.83	0.0
31.0	9.0	5.0	0.02	0.85	0.0
31.0	9.25	4.75	0.02	0.83	0.0
30.0	9.0	4.75	0.02	0.84	0.0
30.75	9.25	5.0	0.02	0.82	0.0
30.75	8.75	4.75	0.02	0.4	0.0
31.5	9.0	4.75	0.01	0.41	0.0
31.25	9.0	4.75	0.02	0.39	0.0
31.25	9.0	5.0	0.02	0.39	0.0
31.0	9.0	4.75	0.02	0.83	0.0
30.75	9.0	5.0	0.02	0.39	0.0
31.25	9.0	5.0	0.02	0.4	0.0
31.5	9.0	4.75	0.02	0.4	0.0
32.0	9.75	5.25	0.02	0.41	0.0
32.25	8.75	4.75	0.02	0.41	0.0
34.25	10.25	5.5	0.02	0.43	0.0
33.0	9.5	5.0	0.02	0.42	0.0
32.25	9.0	4.75	0.02	0.41	0.0
31.75	8.75	4.5	0.02	0.41	0.0
33.0	9.0	4.5	0.02	0.87	0.0
32.75	9.0	4.75	0.02	0.87	0.0
32.5	9.25	5.0	0.02	0.41	0.0
32.5	9.75	5.0	0.02	0.42	0.0
32.5	9.75	5.0	0.02	0.41	0.0
32.5	10.25	5.5	0.02	0.41	0.0
32.75	9.75	5.25	0.02	0.41	0.0
31.5	10.25	5.75	0.02	0.83	0.0
32.5	10.5	5.5	0.02	0.41	0.0
8.75	32.25	21.25	0.02	0.11	2.0
31.5	13.75	6.0	0.02	0.42	0.0
32.0	8.75	4.75	0.02	0.41	0.0
32.0	9.25	4.75	0.02	0.4	0.0
30.25	9.0	4.75	0.02	0.38	0.0
30.5	9.0	4.75	0.02	0.38	0.0
29.75	8.75	4.75	0.02	0.38	0.0
30.25	9.0	4.75	0.02	0.84	0.0
30.25	9.5	4.75	0.02	0.38	0.0
31.5	10.0	5.5	0.02	0.82	0.0
30.75	9.75	5.5	0.02	0.81	0.0
31.75	10.0	5.25	0.02	0.42	0.0
32.5	9.75	5.5	0.02	0.05	0.0
30.75	9.25	5.0	0.02	0.39	0.0
32.0	9.75	5.25	0.02	0.4	0.0
31.25	9.25	4.75	0.02	0.4	0.0
31.25	9.25	4.75	0.01	0.4	0.0
30.5	8.75	4.75	0.01	0.38	0.0
30.75	9.0	4.75	0.02	0.39	0.0
31.0	8.75	4.5	0.02	0.39	0.0
31.25	9.25	4.75	0.02	0.4	0.0
31.25	9.5	5.0	0.02	0.39	0.0
31.5	9.25	5.0	0.01	0.82	0.0
31.0	9.0	4.75	0.02	0.39	0.0
31.25	9.0	4.75	0.02	0.84	0.0
32.25	9.5	5.25	0.02	0.4	0.0
32.75	10.0	5.5	0.02	0.41	0.0
33.5	10.25	5.5	0.02	0.42	0.0
32.75	9.75	5.25	0.02	0.42	0.0
33.0	9.75	5.5	0.02	0.89	0.0
32.5	10.0	5.25	0.02	0.41	0.0
32.0	9.75	5.25	0.02	0.4	0.0
32.25	9.25	5.25	0.02	0.84	0.0
32.5	9.75	5.5	0.01	0.83	0.0
31.25	9.5	5.25	0.02	0.4	0.0
30.5	9.0	4.75	0.01	0.4	0.0
31.5	9.25	4.75	0.02	0.83	0.0
31.75	9.25	5.0	0.02	0.41	0.0
34.0	9.25	5.0	0.02	0.44	0.0
33.25	9.5	5.0	0.02	0.41	0.0
31.5	9.75	4.75	0.02	0.41	0.0
31.0	9.0	4.75	0.02	0.39	0.0
30.75	8.75	4.5	0.02	0.4	0.0
31.5	9.0	4.75	0.01	0.4	0.0
30.75	10.0	6.0	0.02	0.39	0.0
29.75	9.0	5.25	0.02	0.8	0.0
46.25	59.75	39.25	0.04	0.64	6.0
48.75	69.75	37.75	0.06	0.49	6.0
22.75	32.25	18.75	0.04	0.74	2.0
22.5	32.25	18.5	0.03	0.28	2.0
