180?/s	1500?/s?	56pi*mm/360?	50ms/snap
R	G	B	Ambient	RedMode	ID
7.5	33.75	24.75	0.0	0.09	2.0
7.5	35.25	24.5	0.04	0.09	2.0
7.75	35.0	23.75	0.04	0.54	2.0
7.75	35.25	23.75	0.04	0.57	2.0
8.0	35.5	23.0	0.04	0.56	2.0
7.75	35.75	24.0	0.04	0.1	2.0
8.0	36.5	25.25	0.04	0.1	2.0
7.75	36.5	25.25	0.04	0.1	2.0
7.75	35.75	25.25	0.04	0.09	2.0
7.5	35.0	24.75	0.03	0.09	2.0
7.75	35.0	24.25	0.03	0.1	2.0
7.5	33.5	23.5	0.04	0.09	2.0
7.75	34.75	24.5	0.03	0.1	2.0
8.0	36.0	24.0	0.04	0.1	2.0
8.25	32.5	21.75	0.03	0.11	2.0
8.0	36.0	26.0	0.03	0.1	2.0
7.75	36.25	26.0	0.03	0.1	2.0
7.5	35.0	25.75	0.03	0.09	2.0
7.25	35.25	25.5	0.02	0.09	2.0
7.0	34.5	25.0	0.02	0.08	2.0
7.25	35.5	25.75	0.03	0.58	2.0
7.5	35.0	25.25	0.02	0.09	2.0
7.5	36.25	25.75	0.02	0.09	2.0
7.25	35.5	25.25	0.02	0.09	2.0
7.5	35.75	25.0	0.03	0.09	2.0
7.75	35.75	24.75	0.03	0.09	2.0
7.5	35.75	25.25	0.03	0.09	2.0
7.25	35.0	25.0	0.03	0.09	2.0
7.5	35.25	25.25	0.03	0.56	2.0
7.25	35.0	25.25	0.03	0.57	2.0
8.0	35.5	26.0	0.03	0.54	2.0
6.75	34.75	25.25	0.03	0.08	2.0
7.75	35.5	25.25	0.04	0.57	2.0
7.0	34.0	24.75	0.03	0.09	2.0
7.25	35.75	25.5	0.03	0.09	2.0
7.5	35.5	25.75	0.04	0.09	2.0
7.5	34.25	24.5	0.03	0.09	2.0
7.25	34.75	25.25	0.03	0.57	2.0
6.75	33.25	25.0	0.03	0.08	2.0
7.0	33.75	25.5	0.03	0.09	2.0
7.0	33.75	25.0	0.03	0.09	2.0
6.75	33.5	25.0	0.02	0.08	2.0
7.0	34.0	25.5	0.02	0.09	2.0
7.0	34.75	25.5	0.02	0.09	2.0
7.75	35.25	26.5	0.03	0.1	2.0
7.75	36.5	26.25	0.03	0.55	2.0
8.0	36.5	26.5	0.03	0.1	2.0
8.0	36.75	26.75	0.03	0.11	2.0
8.5	37.25	27.25	0.03	0.1	2.0
8.0	35.5	25.25	0.03	0.54	2.0
11.25	15.5	10.75	0.02	0.62	2.0
8.5	37.75	27.5	0.02	0.56	2.0
7.5	35.25	26.75	0.03	0.09	2.0
7.25	35.75	27.0	0.03	0.09	2.0
7.75	36.25	27.0	0.03	0.09	2.0
7.5	37.0	27.5	0.03	0.09	2.0
7.75	36.75	27.25	0.03	0.1	2.0
7.75	36.5	26.25	0.03	0.09	2.0
7.5	35.25	25.75	0.03	0.09	2.0
7.75	35.75	25.75	0.03	0.1	2.0
7.5	35.25	25.5	0.03	0.1	2.0
7.75	35.75	25.75	0.03	0.09	2.0
7.5	35.25	25.75	0.03	0.09	2.0
7.25	35.0	25.75	0.02	0.09	2.0
7.5	34.25	25.25	0.03	0.09	2.0
7.5	34.0	25.0	0.03	0.54	2.0
7.25	33.75	24.25	0.03	0.09	2.0
7.25	33.25	23.75	0.02	0.08	2.0
7.5	33.75	24.25	0.03	0.09	2.0
7.5	34.0	24.5	0.02	0.1	2.0
7.5	34.25	24.5	0.02	0.1	2.0
8.0	35.0	25.0	0.03	0.09	2.0
7.5	35.25	24.75	0.03	0.1	2.0
7.5	34.5	24.75	0.03	0.09	2.0
7.5	35.0	24.75	0.03	0.08	2.0
7.25	34.25	24.0	0.02	0.57	2.0
7.75	34.75	25.0	0.03	0.1	2.0
7.25	33.75	24.25	0.03	0.57	2.0
7.25	33.5	24.0	0.03	0.55	2.0
7.25	34.0	24.25	0.03	0.09	2.0
8.0	34.25	24.75	0.03	0.1	2.0
7.75	34.75	24.25	0.03	0.57	2.0
7.5	34.25	23.5	0.02	0.1	2.0
8.0	34.5	23.5	0.03	0.58	2.0
8.25	35.5	24.25	0.03	0.1	2.0
8.5	35.75	24.25	0.02	0.1	2.0
8.25	31.75	21.0	0.02	0.11	2.0
8.5	31.75	21.5	0.03	0.1	2.0
8.75	36.25	25.0	0.02	0.1	2.0
7.75	34.75	25.0	0.03	0.1	2.0
7.75	34.5	25.0	0.02	0.54	2.0
7.75	35.0	25.75	0.02	0.1	2.0
7.75	35.0	25.25	0.03	0.1	2.0
8.0	36.5	25.75	0.03	0.1	2.0
8.0	36.5	26.0	0.03	0.1	2.0
7.75	35.75	25.75	0.03	0.1	2.0
8.0	37.0	26.75	0.03	0.1	2.0
8.75	38.0	27.5	0.03	0.11	2.0
8.25	38.5	27.5	0.02	0.56	2.0
8.25	38.25	27.0	0.02	0.11	2.0
8.0	37.0	26.75	0.02	0.1	2.0
8.75	38.0	27.25	0.03	0.1	2.0
7.75	35.5	25.75	0.03	0.09	2.0
7.5	35.25	25.5	0.03	0.09	2.0
7.75	36.0	25.75	0.02	0.1	2.0
7.75	36.0	25.75	0.03	0.55	2.0
8.25	36.75	26.25	0.02	0.55	2.0
8.5	36.75	26.0	0.03	0.1	2.0
7.75	36.0	25.5	0.02	0.1	2.0
7.5	35.25	25.0	0.02	0.08	2.0
7.75	36.5	25.5	0.03	0.09	2.0
7.5	36.5	25.5	0.02	0.09	2.0
7.5	35.5	25.5	0.02	0.56	2.0
7.75	36.25	25.75	0.03	0.54	2.0
7.5	35.75	25.25	0.03	0.56	2.0
7.5	35.25	25.25	0.03	0.54	2.0
7.75	36.25	25.5	0.03	0.55	2.0
8.0	37.25	26.0	0.03	0.1	2.0
8.0	35.75	25.5	0.03	0.09	2.0
8.25	36.75	25.25	0.02	0.1	2.0
7.75	36.25	24.75	0.02	0.1	2.0
7.75	34.75	24.0	0.03	0.1	2.0
7.75	36.25	25.0	0.02	0.1	2.0
8.0	36.5	24.75	0.02	0.1	2.0
7.0	24.5	11.0	0.02	0.49	7.0
0.0	0.5	0.0	0.02	0.48	-1.0
