180?/s	1500?/s?	56pi*mm/360?	50ms/snap
R	G	B	Ambient	RedMode	ID
20.75	30.25	17.75	0.01	0.27	2.0
5.0	7.5	4.5	0.01	0.54	7.0
5.25	7.75	4.5	0.0	0.06	7.0
4.75	7.5	4.25	0.0	0.06	7.0
4.75	7.0	4.25	0.0	0.06	7.0
5.0	7.5	4.25	0.01	0.06	7.0
4.5	7.0	4.0	0.0	0.07	7.0
5.25	8.0	4.75	0.01	0.07	7.0
6.0	9.0	5.0	0.0	0.07	7.0
5.5	8.0	4.5	0.01	0.56	7.0
5.75	8.5	5.0	0.0	0.07	7.0
5.5	8.75	4.75	0.0	0.07	7.0
5.25	7.75	4.5	0.01	0.07	7.0
5.25	8.0	4.5	0.0	0.06	7.0
5.75	8.25	4.75	0.0	0.07	7.0
5.25	8.0	4.5	0.0	0.07	7.0
5.0	7.75	4.5	0.01	0.54	7.0
4.75	8.0	4.25	0.0	0.06	7.0
4.75	7.25	4.25	0.01	0.52	7.0
4.75	7.0	4.25	0.0	0.06	7.0
4.75	7.5	4.25	0.01	0.06	7.0
4.5	7.25	4.0	0.0	0.06	7.0
4.25	6.75	4.0	0.0	0.06	7.0
4.5	7.0	4.25	0.01	0.05	7.0
4.5	7.25	4.0	0.0	0.05	7.0
4.5	7.0	4.25	0.0	0.05	7.0
4.5	7.0	4.0	0.0	0.06	7.0
4.25	6.5	3.75	0.0	0.05	7.0
4.25	6.75	3.75	0.0	0.51	7.0
4.75	7.0	4.0	0.01	0.06	7.0
4.25	6.75	3.75	0.0	0.52	7.0
5.0	7.5	4.25	0.01	0.52	7.0
5.0	7.5	4.0	0.0	0.06	7.0
5.25	7.5	4.25	0.01	0.06	7.0
4.75	7.25	4.25	0.0	0.06	7.0
5.0	7.5	4.25	0.0	0.55	7.0
5.25	8.0	4.5	0.0	0.06	7.0
5.0	7.75	4.5	0.0	0.52	7.0
5.25	7.75	4.5	0.0	0.06	7.0
5.25	8.0	4.5	0.01	0.56	7.0
12.0	31.75	7.5	0.02	0.6	7.0
6.25	14.5	4.75	0.02	0.54	7.0
5.0	7.75	4.5	0.0	0.06	7.0
5.0	7.75	4.5	0.01	0.06	7.0
5.25	8.0	4.5	0.0	0.07	7.0
5.0	8.0	4.5	0.0	0.52	7.0
4.75	7.25	4.25	0.0	0.05	7.0
4.75	7.5	4.25	0.0	0.06	7.0
4.75	7.25	4.25	0.01	0.05	7.0
5.0	7.0	4.25	0.0	0.51	7.0
4.75	7.25	4.25	0.0	0.54	7.0
4.75	7.0	4.25	0.0	0.05	7.0
4.75	7.0	4.25	0.01	0.06	7.0
5.0	7.5	4.5	0.0	0.06	7.0
4.75	7.5	4.25	0.0	0.05	7.0
5.0	7.5	4.5	0.01	0.52	7.0
4.75	8.0	4.25	0.01	0.51	7.0
5.0	7.5	4.25	0.0	0.54	7.0
5.0	7.5	4.25	0.0	0.06	7.0
4.75	7.0	4.25	0.01	0.06	7.0
4.75	7.25	4.0	0.01	0.06	7.0
4.75	7.25	4.25	0.0	0.05	7.0
4.5	7.0	4.0	0.0	0.05	7.0
4.5	7.0	4.0	0.01	0.52	7.0
4.75	7.0	4.0	0.0	0.06	7.0
4.75	7.25	4.25	0.0	0.06	7.0
4.25	6.75	3.75	0.0	0.51	7.0
4.5	7.0	4.25	0.01	0.05	7.0
4.5	7.0	4.0	0.0	0.05	7.0
4.5	7.0	3.75	0.0	0.05	7.0
4.75	7.25	4.25	0.0	0.05	7.0
4.25	6.75	3.75	0.0	0.05	7.0
4.75	7.0	4.0	0.01	0.06	7.0
4.75	7.25	4.0	0.0	0.05	7.0
4.25	6.75	3.75	0.0	0.06	7.0
4.75	7.25	4.5	0.01	0.06	7.0
5.0	7.5	4.5	0.0	0.06	7.0
5.0	8.0	4.5	0.0	0.06	7.0
5.0	7.5	4.25	0.01	0.06	7.0
5.0	7.5	4.5	0.0	0.06	7.0
5.25	8.0	4.5	0.0	0.07	7.0
5.5	8.25	4.5	0.01	0.07	7.0
5.25	8.0	4.5	0.0	0.06	7.0
5.5	8.0	4.5	0.0	0.07	7.0
6.0	9.25	4.25	0.01	0.55	7.0
4.75	7.25	4.25	0.0	0.06	7.0
5.0	7.75	4.5	0.01	0.06	7.0
4.5	6.5	4.25	0.0	0.05	7.0
4.25	6.75	4.0	0.01	0.05	7.0
4.25	6.25	3.75	0.0	0.53	7.0
4.25	6.5	4.0	0.0	0.05	7.0
4.5	6.5	4.0	0.01	0.55	7.0
5.0	7.5	4.25	0.0	0.06	7.0
5.0	7.25	4.25	0.0	0.06	7.0
4.5	6.75	4.0	0.0	0.06	7.0
4.25	6.75	3.75	0.0	0.05	7.0
4.75	7.0	4.0	0.0	0.06	7.0
4.5	6.75	3.75	0.01	0.06	7.0
4.75	7.0	4.0	0.0	0.06	7.0
4.75	7.0	4.0	0.0	0.06	7.0
4.0	6.25	3.5	0.0	0.05	7.0
4.5	7.0	4.0	0.0	0.05	7.0
4.5	6.75	4.0	0.0	0.05	7.0
4.5	6.75	4.0	0.0	0.05	7.0
4.75	6.75	4.0	0.0	0.05	7.0
4.5	6.5	4.0	0.0	0.05	7.0
4.25	6.25	3.5	0.0	0.52	7.0
4.25	6.25	3.75	0.0	0.05	7.0
4.0	6.25	3.5	0.0	0.05	7.0
4.25	6.5	3.75	0.0	0.05	7.0
4.25	6.5	3.75	0.01	0.52	7.0
4.25	6.75	3.75	0.01	0.05	7.0
4.25	6.25	3.75	0.0	0.54	7.0
4.0	6.0	3.5	0.0	0.05	7.0
4.0	6.25	3.75	0.0	0.55	7.0
4.0	6.25	3.5	0.0	0.05	7.0
4.25	6.5	3.5	0.0	0.51	7.0
4.25	6.5	3.75	0.0	0.05	7.0
4.0	6.25	3.5	0.01	0.05	7.0
4.25	6.75	4.0	0.0	0.05	7.0
4.5	6.75	4.25	0.0	0.06	7.0
4.25	6.5	3.75	0.0	0.52	7.0
4.5	6.75	4.0	0.0	0.51	7.0
4.5	6.75	4.0	0.0	0.06	7.0
4.5	6.75	3.75	0.0	0.06	7.0
4.5	7.0	3.75	0.01	0.06	7.0
4.5	7.0	4.0	0.0	0.06	7.0
9.5	12.75	9.75	0.01	0.15	7.0
11.5	20.5	14.75	0.02	0.6	7.0
5.5	8.25	4.5	0.01	0.06	7.0
4.75	7.25	4.25	0.01	0.05	7.0
4.75	7.25	4.0	0.01	0.06	7.0
4.75	7.25	4.0	0.0	0.06	7.0
5.25	7.5	4.25	0.0	0.06	7.0
4.75	7.25	4.0	0.0	0.06	7.0
4.75	7.5	4.25	0.0	0.06	7.0
4.5	7.0	3.75	0.01	0.05	7.0
5.0	7.5	4.25	0.01	0.06	7.0
4.75	7.0	4.0	0.01	0.06	7.0
4.75	7.25	4.25	0.0	0.06	7.0
4.5	6.75	3.75	0.0	0.06	7.0
4.75	7.5	4.5	0.0	0.06	7.0
4.75	7.25	4.25	0.0	0.06	7.0
5.0	7.5	4.25	0.0	0.05	7.0
5.0	7.5	4.5	0.0	0.53	7.0
4.75	7.25	4.25	0.0	0.06	7.0
4.75	7.25	4.25	0.01	0.06	7.0
5.25	7.75	4.5	0.01	0.06	7.0
5.0	7.75	4.25	0.0	0.06	7.0
4.75	7.0	4.0	0.0	0.52	7.0
5.0	8.0	4.5	0.0	0.55	7.0
5.25	7.25	4.5	0.0	0.55	7.0
5.0	7.5	4.25	0.0	0.06	7.0
4.75	7.5	4.0	0.0	0.06	7.0
5.25	8.0	4.5	0.0	0.56	7.0
5.0	7.5	4.25	0.0	0.06	7.0
5.0	7.5	4.5	0.0	0.05	7.0
5.0	7.5	4.25	0.0	0.06	7.0
4.5	7.0	4.0	0.01	0.51	7.0
4.5	7.0	4.0	0.0	0.06	7.0
4.75	7.25	4.0	0.0	0.06	7.0
5.0	7.75	4.25	0.0	0.53	7.0
4.75	7.25	4.25	0.0	0.06	7.0
5.25	8.0	4.25	0.0	0.06	7.0
5.0	7.75	4.25	0.0	0.53	7.0
5.0	7.75	4.5	0.0	0.51	7.0
4.75	7.25	4.25	0.01	0.06	7.0
5.0	7.25	4.0	0.0	0.06	7.0
4.75	7.25	4.25	0.01	0.06	7.0
4.75	7.5	4.25	0.0	0.05	7.0
5.0	7.75	4.25	0.0	0.06	7.0
5.0	7.75	4.5	0.0	0.06	7.0
5.25	8.25	4.5	0.0	0.06	7.0
5.25	8.0	4.5	0.0	0.06	7.0
38.75	50.75	40.0	0.01	0.63	6.0
46.0	66.0	38.5	0.06	0.57	6.0
24.5	35.0	19.25	0.04	0.32	2.0
