180?/s	1500?/s?	56pi*mm/360?	50ms/snap
R	G	B	Ambient	RedMode	ID
21.5	29.75	17.75	0.01	0.25	2.0
24.0	17.75	10.0	0.04	0.75	13.0
25.0	19.75	11.25	0.03	0.31	13.0
23.75	18.75	11.0	0.04	0.31	13.0
26.5	17.75	9.75	0.04	0.8	3.0
25.75	18.25	10.25	0.04	0.32	3.0
25.5	17.75	9.75	0.04	0.31	3.0
25.75	19.25	10.5	0.04	0.32	3.0
26.0	16.75	9.25	0.03	0.32	3.0
25.0	19.25	10.5	0.03	0.77	3.0
25.0	19.75	11.0	0.03	0.32	3.0
24.0	20.5	11.25	0.04	0.76	13.0
26.25	15.75	8.75	0.03	0.33	3.0
27.25	18.25	9.75	0.04	0.34	3.0
26.5	21.0	11.75	0.04	0.32	3.0
26.75	19.75	10.75	0.04	0.35	3.0
26.5	18.5	10.0	0.04	0.34	3.0
27.25	16.0	9.0	0.04	0.8	3.0
27.25	15.25	8.75	0.03	0.34	0.0
27.25	16.0	8.75	0.04	0.35	3.0
27.0	16.5	9.25	0.03	0.76	3.0
25.75	16.5	9.25	0.04	0.32	3.0
26.25	18.25	10.0	0.04	0.33	3.0
27.25	15.0	8.25	0.04	0.35	0.0
27.0	16.0	8.75	0.03	0.34	3.0
26.5	18.0	10.0	0.03	0.33	3.0
24.75	21.25	11.75	0.04	0.32	13.0
25.75	19.25	10.25	0.04	0.75	3.0
25.0	18.5	9.75	0.04	0.32	3.0
25.25	18.25	10.25	0.04	0.32	3.0
25.25	19.25	10.75	0.04	0.33	3.0
25.25	21.0	11.5	0.04	0.32	3.0
26.75	16.5	9.25	0.04	0.34	3.0
26.75	18.0	9.75	0.04	0.78	3.0
25.75	20.5	11.25	0.04	0.32	3.0
26.75	17.25	9.5	0.04	0.35	3.0
28.5	17.5	9.5	0.04	0.81	3.0
16.25	30.25	8.0	0.04	0.17	13.0
13.25	35.25	8.25	0.03	0.24	13.0
26.75	20.75	11.0	0.03	0.34	3.0
26.5	19.0	10.25	0.04	0.33	3.0
27.25	17.5	9.75	0.04	0.34	3.0
27.0	18.75	10.25	0.04	0.34	3.0
28.0	16.5	9.25	0.04	0.35	3.0
26.5	19.0	10.25	0.05	0.33	3.0
26.75	19.25	10.5	0.04	0.34	3.0
28.0	16.5	9.0	0.04	0.79	3.0
27.75	17.5	9.5	0.04	0.35	3.0
27.5	18.5	10.25	0.04	0.77	3.0
26.75	18.5	10.0	0.04	0.33	3.0
25.25	20.75	11.25	0.04	0.32	3.0
27.25	19.5	10.25	0.04	0.78	3.0
26.75	20.75	11.25	0.04	0.78	3.0
26.25	19.75	10.5	0.04	0.78	3.0
26.75	20.0	11.25	0.04	0.33	3.0
26.75	18.5	10.0	0.04	0.33	3.0
27.0	18.75	10.25	0.04	0.33	3.0
26.0	18.5	10.0	0.04	0.33	3.0
25.75	19.5	10.5	0.04	0.33	3.0
26.75	18.0	10.0	0.04	0.34	3.0
26.5	17.5	9.25	0.04	0.34	3.0
26.25	19.25	10.0	0.04	0.33	3.0
26.25	17.75	9.5	0.04	0.77	3.0
26.5	17.0	9.0	0.03	0.33	3.0
25.5	17.5	9.25	0.04	0.33	3.0
26.75	18.0	9.25	0.04	0.34	3.0
26.75	17.75	9.5	0.04	0.78	3.0
26.0	18.75	10.0	0.04	0.34	3.0
27.25	21.0	11.5	0.04	0.34	3.0
27.5	18.5	10.0	0.04	0.35	3.0
26.75	21.25	11.5	0.04	0.34	3.0
27.25	19.25	10.25	0.04	0.36	3.0
29.0	17.25	9.0	0.04	0.36	3.0
28.25	18.0	10.0	0.04	0.36	3.0
27.75	19.5	10.25	0.03	0.81	3.0
28.0	20.25	10.75	0.04	0.78	3.0
27.0	17.25	9.25	0.04	0.8	3.0
27.5	15.0	8.25	0.04	0.36	0.0
28.25	13.75	7.5	0.04	0.78	0.0
18.0	11.25	5.25	0.03	0.54	7.0
5.75	8.25	4.25	0.01	0.11	13.0
27.0	18.25	10.0	0.02	0.77	3.0
26.75	19.75	10.75	0.04	0.34	3.0
27.25	16.25	9.0	0.04	0.35	3.0
29.25	15.75	8.75	0.04	0.38	0.0
29.25	17.0	9.25	0.04	0.82	3.0
29.5	15.75	8.75	0.04	0.38	0.0
29.75	15.25	8.25	0.04	0.39	0.0
31.75	14.75	8.0	0.04	0.84	0.0
30.0	14.25	7.75	0.04	0.37	0.0
28.75	14.25	7.75	0.04	0.37	0.0
28.0	18.0	9.75	0.04	0.35	3.0
26.75	21.25	11.5	0.04	0.34	3.0
27.75	18.25	9.75	0.04	0.79	3.0
27.25	23.5	12.5	0.03	0.35	3.0
25.5	24.5	13.5	0.04	0.78	2.0
25.75	21.25	11.25	0.04	0.33	3.0
27.25	19.25	10.0	0.03	0.34	3.0
25.75	24.0	13.0	0.03	0.33	2.0
26.75	24.0	13.0	0.04	0.76	3.0
27.0	24.5	12.75	0.04	0.34	2.0
27.0	25.0	13.5	0.04	0.33	2.0
25.75	23.5	12.5	0.04	0.78	3.0
26.5	20.75	11.25	0.04	0.34	3.0
26.25	21.0	11.5	0.04	0.34	3.0
26.5	22.25	11.75	0.04	0.34	3.0
27.25	22.5	11.75	0.04	0.34	3.0
27.0	21.5	11.5	0.04	0.8	3.0
27.75	20.5	11.0	0.04	0.35	3.0
27.0	20.25	11.0	0.04	0.8	3.0
28.25	20.0	10.75	0.04	0.37	3.0
28.5	19.25	10.25	0.04	0.35	3.0
29.0	18.75	10.0	0.04	0.38	3.0
30.5	17.5	9.5	0.03	0.38	3.0
30.5	17.75	9.75	0.03	0.39	0.0
29.25	17.0	9.25	0.03	0.82	0.0
29.25	16.5	8.75	0.03	0.37	0.0
29.75	15.75	8.75	0.03	0.83	0.0
30.75	15.5	8.5	0.03	0.38	0.0
30.25	16.5	9.0	0.03	0.38	3.0
29.0	18.0	10.0	0.04	0.35	3.0
27.5	18.75	9.75	0.04	0.36	3.0
28.5	16.75	9.25	0.04	0.37	3.0
26.75	17.25	11.25	0.04	0.23	2.0
8.75	32.75	22.0	0.04	0.11	2.0
29.25	16.0	8.5	0.03	0.79	0.0
30.0	16.0	8.75	0.03	0.37	3.0
29.0	17.5	9.5	0.03	0.37	3.0
29.0	18.5	10.5	0.04	0.37	3.0
28.75	16.5	9.25	0.03	0.37	3.0
29.25	17.5	9.5	0.03	0.38	3.0
29.0	18.5	10.0	0.04	0.36	3.0
28.75	17.75	9.5	0.04	0.36	3.0
29.0	18.25	10.0	0.03	0.38	3.0
28.25	19.75	11.25	0.03	0.35	3.0
28.25	19.5	10.75	0.03	0.36	3.0
28.75	19.5	10.5	0.03	0.37	3.0
27.25	19.75	10.75	0.03	0.77	3.0
28.75	18.0	9.5	0.03	0.36	3.0
28.25	18.5	9.5	0.04	0.82	3.0
27.75	17.75	9.75	0.03	0.35	3.0
27.25	17.75	9.5	0.02	0.35	3.0
28.5	15.25	8.25	0.03	0.36	0.0
29.0	15.0	8.25	0.03	0.36	0.0
28.75	16.0	8.5	0.03	0.36	0.0
29.0	16.0	8.5	0.03	0.37	0.0
29.75	16.75	8.75	0.03	0.79	3.0
28.75	15.5	8.25	0.03	0.38	0.0
30.0	14.75	8.0	0.03	0.38	0.0
30.75	14.25	7.75	0.03	0.39	0.0
30.0	14.25	7.5	0.03	0.81	0.0
31.75	15.25	8.25	0.03	0.4	0.0
30.75	17.25	9.5	0.03	0.82	3.0
29.25	20.25	10.75	0.03	0.36	3.0
28.75	18.25	10.0	0.03	0.37	3.0
29.5	18.25	10.0	0.03	0.37	3.0
29.0	19.5	10.75	0.03	0.8	3.0
29.5	18.5	10.25	0.03	0.8	3.0
29.5	19.0	10.25	0.03	0.38	3.0
30.75	19.5	10.5	0.03	0.4	3.0
31.25	18.0	9.5	0.04	0.41	0.0
31.75	16.75	9.0	0.03	0.84	0.0
32.25	16.25	9.25	0.03	0.4	0.0
32.0	17.25	9.25	0.03	0.4	0.0
32.5	18.25	10.0	0.03	0.4	3.0
30.5	18.5	9.75	0.03	0.39	3.0
28.25	20.0	10.75	0.03	0.35	3.0
27.0	22.5	12.5	0.03	0.35	3.0
27.5	21.5	11.5	0.03	0.34	3.0
29.25	25.5	18.25	0.04	0.92	6.0
53.0	75.25	43.0	0.06	0.68	6.0
25.0	35.25	18.75	0.06	0.73	2.0
24.25	34.5	19.0	0.04	0.74	2.0
23.75	34.0	19.0	0.03	0.3	2.0
23.5	33.5	18.5	0.03	0.3	2.0
23.25	33.0	18.25	0.03	0.29	2.0
24.0	34.0	19.0	0.03	0.3	2.0
24.0	34.25	19.25	0.03	0.31	2.0
24.5	35.0	19.25	0.03	0.32	2.0
24.25	34.5	19.0	0.03	0.3	2.0
22.5	32.25	18.5	0.03	0.72	2.0
22.0	31.75	18.25	0.03	0.29	2.0
22.25	31.75	18.0	0.03	0.28	2.0
23.25	33.0	18.75	0.03	0.28	2.0
