180?/s	1500?/s?	56pi*mm/360?	50ms/snap
R	G	B	Ambient	RedMode	ID
7.25	9.5	5.25	0.0	0.57	7.0
7.0	9.5	5.25	0.01	0.08	7.0
6.75	8.75	5.0	0.01	0.56	7.0
6.5	8.5	4.5	0.01	0.08	7.0
7.25	9.5	5.25	0.01	0.1	7.0
8.5	9.25	4.5	0.01	0.13	7.0
6.75	7.75	3.75	0.01	0.09	7.0
10.0	10.0	4.5	0.01	0.11	7.0
8.25	9.0	4.5	0.01	0.1	7.0
8.25	10.0	5.0	0.01	0.09	7.0
8.0	10.0	5.25	0.0	0.09	7.0
8.75	11.0	5.5	0.0	0.6	7.0
8.75	11.0	6.0	0.01	0.59	7.0
10.75	13.5	6.25	0.01	0.13	7.0
9.25	11.25	5.5	0.01	0.11	7.0
8.0	10.5	5.25	0.01	0.11	7.0
8.5	10.0	5.0	0.0	0.56	7.0
8.75	10.25	4.75	0.0	0.1	7.0
8.0	9.5	4.5	0.0	0.09	7.0
8.75	9.75	4.75	0.01	0.11	7.0
8.5	10.25	5.0	0.01	0.09	7.0
8.25	10.5	5.5	0.01	0.1	7.0
7.25	9.25	5.0	0.0	0.09	7.0
7.5	10.0	5.5	0.01	0.1	7.0
6.75	9.25	5.0	0.0	0.57	7.0
8.5	10.25	5.25	0.0	0.1	7.0
7.0	8.5	4.25	0.0	0.08	7.0
8.0	9.75	5.0	0.0	0.57	7.0
8.0	9.75	5.0	0.01	0.09	7.0
7.75	9.25	4.5	0.0	0.08	7.0
7.25	8.75	4.25	0.01	0.57	7.0
7.25	8.75	4.25	0.01	0.1	7.0
5.25	7.25	3.75	0.01	0.07	7.0
9.25	10.0	4.75	0.0	0.11	7.0
7.25	9.5	4.75	0.01	0.09	7.0
6.75	8.75	4.25	0.01	0.08	7.0
8.5	10.0	4.75	0.01	0.56	7.0
6.25	8.0	4.0	0.0	0.57	7.0
8.25	10.5	5.25	0.01	0.1	7.0
7.0	9.0	4.5	0.01	0.08	7.0
6.75	9.5	5.0	0.0	0.56	7.0
6.5	8.5	4.75	0.0	0.08	7.0
7.0	8.5	4.75	0.01	0.09	7.0
6.0	7.5	3.75	0.01	0.08	7.0
6.75	8.0	4.25	0.0	0.09	7.0
6.5	8.0	4.25	0.01	0.09	7.0
7.5	8.75	4.0	0.01	0.09	7.0
8.5	9.75	5.0	0.01	0.1	7.0
8.0	9.75	5.0	0.01	0.11	7.0
8.5	10.5	5.75	0.01	0.56	7.0
7.5	9.75	5.25	0.01	0.09	7.0
6.5	8.5	4.25	0.01	0.08	7.0
6.5	8.25	4.25	0.01	0.08	7.0
8.25	9.25	4.75	0.01	0.09	7.0
6.25	8.0	4.25	0.01	0.1	7.0
6.75	8.75	4.75	0.01	0.08	7.0
7.25	9.0	4.5	0.0	0.58	7.0
6.0	7.5	3.5	0.01	0.06	7.0
5.0	6.25	3.25	0.0	0.08	7.0
9.5	9.75	4.5	0.0	0.13	7.0
9.0	9.5	4.25	0.01	0.58	7.0
5.5	7.0	3.75	0.01	0.07	7.0
5.0	6.5	3.75	0.0	0.07	7.0
6.5	8.0	4.25	0.0	0.08	7.0
6.0	8.0	4.0	0.01	0.53	7.0
6.75	8.25	4.0	0.0	0.53	7.0
5.0	6.5	3.5	0.0	0.56	7.0
8.25	9.25	4.5	0.01	0.57	7.0
7.0	8.25	4.0	0.0	0.09	7.0
6.0	7.5	3.75	0.0	0.06	7.0
6.75	7.75	4.0	0.01	0.08	7.0
7.25	8.75	4.0	0.0	0.09	7.0
6.75	8.5	4.0	0.0	0.08	7.0
7.75	8.5	3.75	0.01	0.09	7.0
7.25	8.25	3.75	0.0	0.07	7.0
5.5	7.25	3.75	0.0	0.07	7.0
5.25	7.25	3.5	0.0	0.07	7.0
7.0	7.75	4.25	0.01	0.1	7.0
8.0	9.25	4.25	0.01	0.57	7.0
5.75	7.5	3.75	0.01	0.08	7.0
6.5	8.25	4.5	0.0	0.56	7.0
7.25	9.0	4.75	0.0	0.09	7.0
6.75	9.0	4.75	0.0	0.08	7.0
7.5	9.5	5.25	0.0	0.09	7.0
8.75	10.5	5.0	0.0	0.1	7.0
7.0	8.25	4.25	0.01	0.08	7.0
7.0	8.75	4.5	0.0	0.08	7.0
5.75	7.5	4.25	0.0	0.52	7.0
4.75	6.5	3.75	0.01	0.05	7.0
7.0	8.5	4.5	0.01	0.57	7.0
6.0	8.0	4.25	0.01	0.08	7.0
6.5	8.25	4.25	0.01	0.08	7.0
5.5	6.75	3.5	0.0	0.07	7.0
6.75	8.25	4.5	0.0	0.57	7.0
6.5	8.25	4.25	0.0	0.56	7.0
5.0	6.75	3.5	0.0	0.07	7.0
5.5	7.0	3.75	0.0	0.06	7.0
8.75	9.25	4.75	0.0	0.11	7.0
6.25	8.25	4.5	0.0	0.07	7.0
6.5	8.75	4.5	0.0	0.53	7.0
5.75	7.5	4.0	0.0	0.07	7.0
5.5	7.5	4.25	0.0	0.07	7.0
5.75	7.75	4.5	0.0	0.08	7.0
6.5	8.5	4.5	0.0	0.08	7.0
6.5	8.25	4.5	0.0	0.08	7.0
6.25	8.0	4.25	0.0	0.08	7.0
6.25	8.25	4.25	0.0	0.07	7.0
5.75	7.5	4.25	0.0	0.52	7.0
6.25	8.0	4.75	0.0	0.08	7.0
6.0	8.0	4.25	0.0	0.07	7.0
6.25	8.5	4.5	0.0	0.07	7.0
6.0	7.25	3.75	0.0	0.53	7.0
5.25	7.25	3.5	0.0	0.06	7.0
5.25	7.75	4.0	0.0	0.52	7.0
5.5	7.5	4.5	0.0	0.52	7.0
4.75	6.75	3.75	0.0	0.05	7.0
5.25	7.25	4.25	0.0	0.55	7.0
4.75	6.25	3.5	0.0	0.07	7.0
5.0	7.0	4.0	0.0	0.51	7.0
6.25	8.0	4.25	0.0	0.53	7.0
4.75	6.0	3.0	0.01	0.05	7.0
6.5	6.75	4.0	0.0	0.1	7.0
1.25	2.25	0.25	0.0	0.0	-1.0
