180?/s	1500?/s?	56pi*mm/360?	50ms/snap
R	G	B	Ambient	RedMode	ID
24.0	34.75	19.5	0.0	0.29	2.0
4.75	7.0	4.25	0.01	0.06	7.0
5.0	7.5	4.5	0.01	0.06	7.0
4.5	7.25	4.0	0.01	0.06	7.0
5.0	7.5	4.5	0.01	0.06	7.0
5.0	7.25	4.25	0.01	0.06	7.0
5.75	8.5	4.75	0.0	0.07	7.0
5.0	7.75	4.25	0.01	0.53	7.0
5.25	8.0	4.5	0.01	0.07	7.0
5.5	8.0	4.75	0.0	0.06	7.0
5.25	8.0	4.75	0.01	0.54	7.0
5.25	8.0	4.75	0.01	0.07	7.0
5.25	8.0	4.75	0.0	0.07	7.0
5.5	8.25	5.0	0.01	0.07	7.0
5.5	8.5	4.75	0.01	0.07	7.0
5.5	8.5	4.75	0.0	0.56	7.0
5.25	8.0	4.75	0.0	0.56	7.0
5.25	8.0	4.5	0.01	0.07	7.0
5.25	7.75	4.5	0.0	0.07	7.0
5.0	7.75	4.25	0.0	0.06	7.0
5.0	7.75	4.25	0.01	0.53	7.0
4.75	7.25	4.0	0.0	0.55	7.0
4.5	7.0	4.0	0.01	0.54	7.0
4.25	6.75	4.0	0.01	0.05	7.0
4.5	7.25	4.0	0.01	0.06	7.0
4.5	7.0	4.0	0.01	0.06	7.0
4.25	6.75	3.75	0.0	0.05	7.0
4.25	6.5	3.75	0.0	0.05	7.0
4.5	7.0	4.0	0.01	0.06	7.0
4.75	7.5	4.25	0.0	0.06	7.0
5.25	7.75	4.5	0.0	0.54	7.0
5.25	8.0	4.5	0.0	0.06	7.0
5.25	8.0	4.5	0.0	0.06	7.0
5.25	8.0	4.5	0.01	0.06	7.0
5.0	7.75	4.5	0.01	0.51	7.0
4.75	7.75	4.25	0.0	0.06	7.0
5.25	8.0	4.75	0.0	0.07	7.0
5.5	8.0	4.75	0.0	0.07	7.0
5.25	8.25	4.75	0.0	0.06	7.0
5.25	8.5	4.75	0.0	0.08	7.0
12.75	35.25	8.0	0.02	0.64	7.0
6.0	11.0	5.0	0.01	0.52	7.0
5.75	8.5	5.0	0.01	0.07	7.0
6.0	9.0	5.0	0.01	0.07	7.0
6.0	9.0	5.0	0.0	0.07	7.0
5.5	8.25	4.75	0.0	0.55	7.0
5.25	7.75	4.5	0.0	0.06	7.0
4.75	7.5	4.25	0.0	0.06	7.0
4.5	7.0	4.25	0.0	0.05	7.0
4.75	7.25	4.5	0.0	0.06	7.0
5.0	7.5	4.25	0.01	0.06	7.0
4.75	7.25	4.25	0.0	0.52	7.0
5.0	8.0	4.25	0.01	0.07	7.0
5.25	8.0	4.75	0.01	0.07	7.0
5.5	8.25	4.75	0.01	0.07	7.0
5.5	8.25	4.5	0.0	0.07	7.0
5.5	8.25	4.75	0.0	0.07	7.0
5.5	8.25	4.75	0.0	0.56	7.0
5.25	8.0	4.5	0.0	0.06	7.0
5.0	7.75	4.25	0.0	0.52	7.0
4.5	7.0	4.0	0.01	0.06	7.0
4.5	7.0	4.0	0.0	0.06	7.0
4.5	7.25	4.0	0.01	0.55	7.0
4.25	6.75	3.75	0.0	0.06	7.0
4.5	7.0	4.0	0.0	0.52	7.0
4.75	7.25	4.25	0.0	0.51	7.0
4.75	7.25	4.25	0.0	0.06	7.0
5.0	7.75	4.5	0.01	0.06	7.0
5.25	7.75	4.5	0.0	0.53	7.0
5.25	8.0	4.5	0.0	0.53	7.0
4.75	7.5	4.25	0.0	0.06	7.0
4.75	7.25	4.0	0.0	0.51	7.0
4.5	7.0	3.75	0.0	0.06	7.0
4.75	7.25	4.25	0.0	0.06	7.0
4.5	7.0	4.0	0.0	0.52	7.0
5.0	7.5	4.25	0.01	0.54	7.0
5.25	7.75	4.25	0.01	0.52	7.0
5.25	8.0	4.5	0.01	0.06	7.0
5.75	8.25	4.75	0.0	0.07	7.0
5.5	8.25	4.75	0.0	0.07	7.0
5.5	8.25	4.5	0.0	0.07	7.0
5.5	8.25	4.5	0.0	0.07	7.0
5.75	8.75	4.75	0.01	0.07	7.0
5.75	8.5	5.0	0.01	0.07	7.0
7.25	9.5	4.0	0.01	0.55	7.0
5.5	8.25	4.75	0.0	0.52	7.0
5.5	8.5	4.75	0.01	0.07	7.0
5.5	8.25	5.0	0.01	0.56	7.0
4.75	7.0	4.0	0.0	0.06	7.0
5.0	7.5	4.25	0.0	0.06	7.0
4.75	7.5	4.25	0.0	0.51	7.0
4.5	6.75	3.75	0.0	0.06	7.0
5.25	7.75	4.25	0.0	0.06	7.0
5.25	7.75	4.25	0.0	0.06	7.0
4.5	6.75	3.75	0.0	0.06	7.0
4.25	6.75	3.75	0.0	0.05	7.0
4.25	6.25	3.75	0.0	0.5	7.0
4.25	6.5	3.75	0.0	0.05	7.0
4.25	6.5	3.75	0.0	0.05	7.0
4.25	6.5	3.75	0.0	0.05	7.0
4.0	6.25	3.75	0.0	0.05	7.0
4.5	6.75	3.75	0.01	0.52	7.0
4.25	6.25	3.75	0.0	0.05	7.0
4.5	6.75	4.0	0.0	0.52	7.0
4.5	6.75	4.0	0.0	0.05	7.0
4.25	6.75	3.75	0.0	0.06	7.0
4.5	6.75	4.0	0.0	0.05	7.0
4.25	6.75	3.75	0.0	0.06	7.0
4.5	6.75	4.0	0.0	0.05	7.0
4.25	6.75	3.75	0.0	0.05	7.0
4.5	7.0	3.75	0.01	0.06	7.0
4.5	6.5	4.0	0.0	0.51	7.0
4.75	6.75	4.0	0.01	0.06	7.0
4.75	7.0	4.0	0.0	0.54	7.0
4.25	6.5	4.0	0.0	0.05	7.0
4.5	6.75	3.5	0.01	0.53	7.0
4.75	7.25	4.0	0.0	0.06	7.0
4.75	7.25	4.0	0.0	0.06	7.0
4.25	7.0	4.0	0.0	0.06	7.0
4.75	7.0	4.0	0.0	0.06	7.0
5.0	7.5	4.25	0.0	0.06	7.0
4.5	6.75	4.0	0.0	0.06	7.0
4.5	7.25	4.0	0.01	0.06	7.0
4.5	7.0	3.75	0.0	0.06	7.0
4.5	6.75	4.0	0.0	0.06	7.0
4.5	6.75	3.75	0.0	0.05	7.0
4.75	7.25	4.0	0.0	0.05	7.0
8.0	10.75	8.75	0.01	0.15	7.0
11.0	15.25	9.25	0.01	0.14	7.0
5.25	8.25	4.75	0.01	0.56	7.0
5.25	7.75	4.25	0.01	0.06	7.0
5.0	7.5	4.25	0.01	0.55	7.0
5.25	7.75	4.5	0.0	0.06	7.0
5.5	8.0	4.5	0.0	0.06	7.0
5.5	8.0	4.5	0.0	0.07	7.0
5.25	7.75	4.5	0.0	0.07	7.0
4.75	7.25	4.0	0.0	0.06	7.0
5.0	7.5	4.25	0.0	0.06	7.0
5.0	7.5	4.25	0.01	0.06	7.0
5.0	7.75	4.25	0.0	0.06	7.0
5.5	8.25	4.75	0.01	0.07	7.0
5.5	8.25	4.75	0.0	0.07	7.0
5.75	8.5	4.75	0.0	0.07	7.0
6.0	8.75	5.0	0.01	0.07	7.0
5.5	8.25	4.75	0.0	0.07	7.0
5.75	8.5	4.75	0.0	0.54	7.0
5.5	8.0	4.75	0.0	0.07	7.0
5.25	7.75	4.5	0.01	0.06	7.0
5.5	8.0	4.75	0.01	0.06	7.0
5.0	7.5	4.25	0.0	0.52	7.0
5.5	8.0	4.75	0.0	0.06	7.0
5.75	8.75	5.0	0.0	0.07	7.0
5.5	8.25	4.5	0.01	0.54	7.0
5.75	8.25	4.75	0.01	0.07	7.0
5.25	7.75	4.5	0.01	0.07	7.0
5.5	8.25	4.75	0.01	0.07	7.0
5.25	8.25	4.75	0.0	0.07	7.0
5.0	7.75	4.25	0.0	0.06	7.0
5.25	8.0	4.5	0.0	0.52	7.0
5.25	8.0	4.5	0.0	0.06	7.0
5.5	8.0	4.5	0.0	0.06	7.0
5.25	7.75	4.25	0.0	0.06	7.0
5.25	8.0	4.5	0.0	0.06	7.0
5.5	8.0	4.5	0.0	0.07	7.0
5.5	8.25	4.5	0.0	0.52	7.0
5.5	8.0	4.5	0.0	0.56	7.0
4.75	7.5	4.0	0.0	0.54	7.0
5.25	7.75	4.5	0.0	0.07	7.0
5.25	8.25	4.5	0.01	0.06	7.0
5.5	8.0	4.75	0.0	0.06	7.0
5.5	8.25	4.5	0.0	0.07	7.0
5.75	8.75	5.0	0.0	0.07	7.0
5.5	8.5	4.75	0.0	0.07	7.0
6.0	8.75	6.5	0.0	0.17	2.0
49.75	73.25	41.25	0.03	0.59	6.0
37.25	54.75	26.25	0.06	0.38	2.0
22.0	31.75	18.0	0.04	0.29	2.0
