180?/s	1500?/s?	56pi*mm/360?	50ms/snap
R	G	B	Ambient	RedMode	ID
22.0	30.25	17.0	0.01	0.73	2.0
50.0	62.0	10.75	0.07	0.63	3.0
47.0	59.75	10.5	0.07	0.6	3.0
46.0	58.75	10.75	0.06	0.59	3.0
45.0	58.0	10.5	0.07	0.98	3.0
47.0	60.25	10.75	0.07	0.6	3.0
46.25	59.75	10.75	0.07	0.58	3.0
45.5	58.5	10.5	0.07	0.99	3.0
44.75	57.5	10.75	0.06	0.57	3.0
46.0	59.0	10.5	0.06	0.58	3.0
45.75	58.0	10.5	0.06	1.0	3.0
47.0	59.5	10.75	0.07	0.6	3.0
49.75	62.0	11.0	0.06	0.64	3.0
48.0	60.75	11.0	0.07	0.59	3.0
44.5	57.25	10.0	0.06	0.59	3.0
47.75	60.5	10.75	0.06	1.0	3.0
47.0	59.75	10.75	0.07	0.59	3.0
46.75	59.5	10.5	0.07	0.59	3.0
45.75	57.75	10.25	0.05	0.58	3.0
47.25	59.5	10.5	0.06	1.0	3.0
48.0	60.5	10.5	0.06	0.62	3.0
49.75	62.0	10.5	0.06	1.0	3.0
50.75	63.5	11.0	0.07	0.65	3.0
47.5	59.75	10.25	0.06	0.59	3.0
45.25	58.25	10.0	0.06	0.58	3.0
46.5	59.25	10.25	0.06	0.59	3.0
46.0	58.75	10.25	0.06	0.59	3.0
46.25	58.75	10.25	0.06	0.59	3.0
45.0	57.75	10.25	0.06	0.58	3.0
46.75	60.0	10.5	0.07	0.6	3.0
47.25	59.75	10.5	0.06	0.6	3.0
47.25	60.25	10.25	0.06	0.59	3.0
47.5	60.25	10.25	0.07	0.61	3.0
49.5	61.75	10.5	0.06	0.63	3.0
47.25	60.0	10.25	0.06	0.6	3.0
47.0	59.25	10.25	0.05	0.59	3.0
48.0	59.75	10.5	0.06	0.6	3.0
14.75	36.75	8.0	0.05	0.16	7.0
18.5	37.0	9.0	0.03	0.42	3.0
46.75	59.0	10.25	0.04	0.6	3.0
47.75	60.0	10.75	0.06	1.0	3.0
48.0	60.5	10.75	0.05	0.61	3.0
47.5	60.0	10.5	0.05	0.64	3.0
51.75	64.25	11.0	0.05	0.67	3.0
50.5	63.0	10.75	0.06	0.64	3.0
50.5	63.5	11.0	0.06	0.65	3.0
48.0	61.0	10.75	0.07	0.62	3.0
51.0	63.75	11.25	0.07	0.65	3.0
48.5	61.0	11.0	0.06	0.62	3.0
47.0	60.25	10.5	0.06	0.6	3.0
46.5	59.25	10.75	0.06	0.59	3.0
46.5	59.75	10.5	0.06	0.6	3.0
49.25	62.75	11.0	0.07	1.0	3.0
49.25	62.0	10.75	0.06	0.63	3.0
50.25	62.75	11.0	0.06	0.65	3.0
49.75	61.75	10.75	0.05	0.63	3.0
50.0	62.0	11.0	0.05	0.64	3.0
50.75	62.5	10.75	0.06	0.64	3.0
51.0	62.75	10.75	0.05	1.0	3.0
51.0	63.0	10.75	0.06	1.0	3.0
51.75	63.5	10.75	0.06	1.0	3.0
52.0	64.75	11.0	0.06	0.65	3.0
51.0	63.75	11.0	0.05	0.65	3.0
49.5	62.0	10.75	0.06	0.63	3.0
49.0	61.75	10.5	0.06	0.63	3.0
49.75	62.75	10.75	0.06	0.63	3.0
45.5	57.5	9.5	0.06	0.58	3.0
48.0	60.25	11.0	0.06	0.6	3.0
49.0	61.75	11.0	0.06	0.63	3.0
50.5	64.0	11.0	0.06	0.64	3.0
49.0	62.5	10.75	0.06	0.62	3.0
47.5	60.75	10.25	0.06	1.0	3.0
48.25	61.75	10.25	0.06	0.61	3.0
47.5	61.25	11.0	0.05	0.62	3.0
50.75	64.0	11.0	0.06	0.64	3.0
50.5	59.75	10.25	0.04	0.66	3.0
46.25	59.0	11.0	0.05	0.61	3.0
47.5	60.75	10.75	0.07	0.6	3.0
18.5	28.25	6.0	0.05	0.1	7.0
8.0	10.75	4.0	0.02	0.08	7.0
37.25	43.75	11.5	0.03	0.52	3.0
42.0	53.0	12.25	0.04	0.56	3.0
51.25	63.0	11.0	0.06	0.65	3.0
45.5	57.75	10.75	0.06	0.58	3.0
46.5	59.0	11.0	0.06	0.6	3.0
43.5	55.25	10.25	0.07	0.55	3.0
42.0	53.5	10.0	0.06	0.56	3.0
52.25	63.25	10.5	0.06	0.66	3.0
53.5	65.25	10.75	0.05	1.0	3.0
54.25	66.75	10.75	0.06	1.0	3.0
53.75	65.5	10.5	0.06	0.69	3.0
55.75	68.0	11.5	0.05	0.7	3.0
54.25	66.75	11.0	0.05	0.7	3.0
55.25	68.5	11.5	0.06	1.0	3.0
54.75	66.75	11.0	0.05	0.69	3.0
47.5	60.75	11.0	0.06	0.63	3.0
45.25	58.5	10.75	0.06	1.0	3.0
47.25	61.0	11.0	0.06	1.0	3.0
46.25	59.0	10.75	0.06	0.58	3.0
45.5	57.75	10.5	0.06	0.58	3.0
46.75	59.25	10.5	0.06	0.6	3.0
45.75	58.25	10.75	0.06	0.98	3.0
48.25	61.75	11.0	0.06	1.0	3.0
46.75	59.5	10.75	0.06	0.59	3.0
48.0	60.75	10.75	0.06	0.62	3.0
50.5	63.25	11.0	0.06	1.0	3.0
50.25	63.25	11.0	0.06	0.64	3.0
49.5	62.0	11.25	0.06	1.0	3.0
47.25	59.0	10.75	0.04	1.0	3.0
47.25	59.25	10.75	0.04	0.59	3.0
46.75	58.0	10.25	0.05	0.59	3.0
47.75	59.0	10.5	0.05	0.61	3.0
48.25	60.25	10.5	0.05	0.61	3.0
48.0	60.25	10.75	0.05	0.62	3.0
48.5	60.75	10.5	0.05	0.62	3.0
48.5	61.25	10.5	0.05	0.61	3.0
47.0	58.75	10.5	0.05	0.61	3.0
48.5	60.5	10.5	0.05	0.62	3.0
47.75	60.5	10.75	0.05	0.61	3.0
48.75	61.25	10.5	0.04	0.62	3.0
47.5	60.0	10.75	0.05	1.0	3.0
46.0	58.25	10.25	0.05	0.58	3.0
16.5	38.0	19.75	0.04	0.11	2.0
9.25	32.75	19.75	0.03	0.65	2.0
43.75	55.75	10.5	0.04	0.54	3.0
44.5	56.5	10.5	0.03	1.0	3.0
45.0	57.25	10.25	0.04	0.58	3.0
47.5	60.0	10.5	0.04	0.61	3.0
46.25	59.0	10.25	0.05	0.6	3.0
46.75	59.25	10.25	0.05	0.6	3.0
47.75	60.75	10.5	0.04	0.6	3.0
47.75	60.75	10.75	0.04	0.65	3.0
50.75	63.5	10.75	0.05	0.65	3.0
49.75	63.0	10.75	0.05	0.62	3.0
48.0	61.0	10.25	0.04	0.62	3.0
49.0	62.5	10.75	0.04	0.62	3.0
48.75	62.5	11.0	0.05	0.61	3.0
46.0	60.0	10.75	0.04	1.0	3.0
50.75	63.5	11.0	0.04	0.63	3.0
50.25	63.5	11.0	0.04	0.64	3.0
48.75	61.25	11.0	0.05	1.0	3.0
49.25	62.0	10.75	0.05	1.0	3.0
49.25	62.25	11.25	0.05	1.0	3.0
50.25	63.5	11.0	0.04	1.0	3.0
49.75	63.0	11.0	0.05	0.64	3.0
51.0	64.25	10.75	0.05	1.0	3.0
50.0	63.25	11.0	0.04	0.62	3.0
49.0	62.5	11.0	0.05	1.0	3.0
47.25	60.5	11.0	0.04	0.59	3.0
46.75	60.0	10.75	0.04	0.59	3.0
47.0	60.25	10.75	0.04	0.61	3.0
48.25	61.25	11.0	0.04	0.61	3.0
47.25	60.75	10.75	0.04	1.0	3.0
47.75	61.25	10.75	0.04	0.62	3.0
48.5	62.5	11.25	0.03	0.61	3.0
47.75	62.0	11.0	0.04	0.61	3.0
48.25	62.0	11.0	0.04	0.62	3.0
49.0	62.0	11.0	0.04	0.65	3.0
52.5	67.0	11.25	0.04	1.0	3.0
50.75	65.0	11.0	0.05	0.64	3.0
49.5	62.75	11.0	0.05	0.63	3.0
49.25	62.25	11.0	0.04	0.62	3.0
47.75	61.25	11.0	0.04	1.0	3.0
46.75	60.0	10.5	0.05	0.59	3.0
45.25	58.5	10.75	0.04	0.59	3.0
46.0	59.25	10.5	0.04	0.6	3.0
47.25	60.75	11.0	0.04	0.61	3.0
44.0	57.75	15.5	0.04	0.59	6.0
55.75	81.25	46.5	0.05	0.69	6.0
33.25	50.0	21.25	0.06	0.32	2.0
