180?/s	1500?/s?	56pi*mm/360?	50ms/snap
R	G	B	Ambient	RedMode	ID
53.25	72.25	42.25	0.07	0.73	6.0
53.5	71.75	42.25	0.07	0.67	6.0
53.25	71.75	42.25	0.08	0.69	6.0
55.25	76.0	44.5	0.08	0.69	6.0
54.25	75.25	44.75	0.09	0.7	6.0
53.0	73.5	42.5	0.09	0.69	6.0
53.0	73.75	43.0	0.09	0.68	6.0
52.5	73.0	42.0	0.09	0.67	6.0
51.75	72.0	42.0	0.09	0.67	6.0
52.25	72.25	42.0	0.08	0.66	6.0
48.25	67.25	40.0	0.09	0.61	6.0
46.5	65.25	39.0	0.07	1.0	6.0
46.0	65.25	39.25	0.08	0.98	6.0
44.75	64.25	39.0	0.08	1.0	6.0
47.25	70.75	41.75	0.08	0.61	6.0
49.0	70.0	41.5	0.09	1.0	6.0
53.0	75.5	45.0	0.08	0.68	6.0
52.0	73.75	43.0	0.09	1.0	6.0
52.5	74.0	43.25	0.08	0.67	6.0
54.75	76.5	44.5	0.09	0.71	6.0
56.75	79.25	45.75	0.09	0.71	6.0
52.0	74.25	44.25	0.09	1.0	6.0
54.75	77.0	45.25	0.08	0.7	6.0
51.5	72.75	43.5	0.09	1.0	6.0
49.75	70.0	42.0	0.08	0.63	6.0
50.25	70.5	42.25	0.08	0.64	6.0
49.5	69.5	41.75	0.08	0.64	6.0
51.75	72.75	43.5	0.08	0.66	6.0
49.25	68.5	41.25	0.08	0.64	6.0
50.25	69.25	41.5	0.07	0.65	6.0
52.0	71.75	42.25	0.08	0.67	6.0
48.0	68.5	40.75	0.08	0.61	6.0
50.25	70.0	42.0	0.08	0.65	6.0
51.0	71.0	42.0	0.08	0.66	6.0
53.5	73.25	43.0	0.07	0.67	6.0
51.25	70.25	42.0	0.08	0.65	6.0
51.0	70.25	41.5	0.08	1.0	6.0
50.25	68.0	40.5	0.08	0.64	6.0
48.0	67.0	40.25	0.08	1.0	6.0
50.25	69.0	41.5	0.08	0.64	6.0
47.75	68.0	41.5	0.08	1.0	6.0
50.25	70.75	42.25	0.08	0.65	6.0
50.25	70.75	42.5	0.08	0.64	6.0
48.75	69.25	41.75	0.07	0.63	6.0
49.75	71.0	42.75	0.08	1.0	6.0
49.25	71.0	43.0	0.07	0.63	6.0
47.25	69.0	41.5	0.07	0.6	6.0
47.75	69.0	42.0	0.08	0.62	6.0
49.5	71.25	44.0	0.07	0.66	6.0
52.0	74.25	44.5	0.08	0.63	6.0
41.25	59.75	36.25	0.06	0.54	6.0
47.75	69.75	44.5	0.06	1.0	6.0
52.25	74.5	45.25	0.07	0.67	6.0
53.5	76.75	46.5	0.09	0.69	6.0
55.25	79.0	47.5	0.08	1.0	6.0
55.0	77.5	46.75	0.08	0.72	6.0
56.75	80.5	48.25	0.08	0.73	6.0
56.25	79.75	46.75	0.08	0.71	6.0
56.0	78.25	46.5	0.08	1.0	6.0
55.75	77.75	45.5	0.07	0.71	6.0
52.75	73.0	43.25	0.08	0.69	6.0
54.5	75.0	44.75	0.07	0.69	6.0
53.0	73.75	44.25	0.08	0.67	6.0
53.5	73.5	44.0	0.08	0.68	6.0
52.5	73.0	43.5	0.08	0.66	6.0
52.0	73.25	43.75	0.07	0.65	6.0
55.0	78.0	46.25	0.08	0.7	6.0
56.0	79.75	47.25	0.08	0.7	6.0
55.0	79.0	46.75	0.09	0.71	6.0
54.75	79.5	47.0	0.08	0.69	6.0
54.0	78.75	46.5	0.08	0.69	6.0
53.25	77.75	46.25	0.07	0.69	6.0
51.0	73.0	43.5	0.07	0.64	6.0
48.25	70.5	42.75	0.08	0.61	6.0
48.0	70.0	42.75	0.07	0.62	6.0
49.5	71.5	43.75	0.08	0.62	6.0
49.75	71.75	43.25	0.08	1.0	6.0
49.75	71.5	43.0	0.07	0.62	6.0
49.0	70.25	42.0	0.07	0.62	6.0
50.5	71.0	42.0	0.07	0.65	6.0
51.0	72.0	42.5	0.07	0.63	6.0
50.25	71.25	42.5	0.07	0.65	6.0
51.0	71.25	41.75	0.08	1.0	6.0
50.0	69.25	40.5	0.07	0.65	6.0
49.5	68.0	40.0	0.07	0.63	6.0
51.0	72.0	43.25	0.07	0.64	6.0
49.25	70.5	42.25	0.06	0.63	6.0
49.0	70.75	42.5	0.07	0.6	6.0
50.0	71.25	43.5	0.07	0.64	6.0
50.75	72.0	43.25	0.07	0.64	6.0
50.5	72.0	42.75	0.06	1.0	6.0
50.0	69.25	41.5	0.07	0.65	6.0
51.25	69.5	40.25	0.06	1.0	6.0
52.0	70.5	41.25	0.07	1.0	6.0
52.25	70.75	41.25	0.07	0.68	6.0
50.75	68.5	39.5	0.07	0.66	6.0
53.0	71.5	41.5	0.07	0.67	6.0
51.75	70.75	41.75	0.07	0.65	6.0
49.75	70.25	42.0	0.06	0.63	6.0
48.25	67.5	40.25	0.07	0.63	6.0
49.0	68.25	40.5	0.07	0.63	6.0
49.75	69.0	40.75	0.06	0.66	6.0
50.0	70.0	41.25	0.07	1.0	6.0
50.75	71.0	42.0	0.06	0.64	6.0
51.25	72.25	42.25	0.06	0.64	6.0
51.0	71.5	41.75	0.06	0.66	6.0
51.25	72.0	41.75	0.06	0.65	6.0
51.75	73.0	42.5	0.07	1.0	6.0
52.75	74.0	43.25	0.06	0.67	6.0
52.0	73.25	43.5	0.07	0.66	6.0
49.0	69.5	40.75	0.07	0.61	6.0
48.5	68.75	40.75	0.07	0.62	6.0
47.0	66.5	40.0	0.07	0.61	6.0
47.75	67.5	40.25	0.06	0.6	6.0
45.75	64.75	39.0	0.07	1.0	6.0
46.75	66.25	39.5	0.07	0.6	6.0
48.5	68.5	40.75	0.06	1.0	6.0
47.0	66.25	39.5	0.07	0.61	6.0
47.75	66.75	39.0	0.06	0.61	6.0
47.25	65.75	38.25	0.06	0.6	6.0
45.75	63.25	36.75	0.06	0.59	6.0
47.25	64.75	37.75	0.06	0.61	6.0
46.5	63.75	37.5	0.06	1.0	6.0
45.25	62.25	36.25	0.06	0.56	6.0
1.5	3.75	0.25	0.03	0.01	-1.0
0.0	0.0	0.0	0.01	0.45	-1.0
0.0	0.0	0.0	0.01	0.45	-1.0
0.0	0.0	0.0	0.01	0.0	-1.0
