180?/s	1500?/s?	56pi*mm/360?	50ms/snap
R	G	B	Ambient	RedMode	ID
7.5	34.25	25.0	0.02	0.09	2.0
7.0	31.5	23.25	0.04	0.55	2.0
7.25	32.5	23.5	0.04	0.08	2.0
7.25	32.75	22.5	0.03	0.09	2.0
7.5	33.5	22.25	0.04	0.58	2.0
7.75	35.5	23.5	0.03	0.1	2.0
7.5	35.0	24.5	0.03	0.57	2.0
7.25	34.5	24.5	0.03	0.09	2.0
7.0	34.5	24.25	0.03	0.08	2.0
7.25	33.25	24.0	0.03	0.54	2.0
7.0	32.75	23.5	0.03	0.08	2.0
7.25	32.25	23.25	0.03	0.09	2.0
7.25	33.5	24.5	0.03	0.09	2.0
7.75	29.75	20.25	0.02	0.09	2.0
7.5	34.0	25.25	0.03	0.08	2.0
7.5	34.0	25.25	0.03	0.1	2.0
7.5	34.75	25.75	0.03	0.09	2.0
7.0	33.75	25.0	0.04	0.09	2.0
6.75	33.25	24.75	0.03	0.56	2.0
7.0	34.25	25.25	0.03	0.54	2.0
7.0	33.25	24.5	0.03	0.09	2.0
7.0	33.25	24.75	0.03	0.09	2.0
7.5	34.5	25.0	0.03	0.09	2.0
7.0	33.0	24.0	0.03	0.09	2.0
7.0	33.0	23.75	0.03	0.09	2.0
7.5	34.75	25.25	0.03	0.09	2.0
6.75	34.5	24.75	0.03	0.09	2.0
7.25	34.75	25.0	0.03	0.09	2.0
7.25	35.0	25.25	0.03	0.09	2.0
6.75	33.75	24.75	0.03	0.08	2.0
7.0	34.25	24.75	0.03	0.09	2.0
7.25	34.75	25.0	0.03	0.09	2.0
7.0	34.0	25.0	0.03	0.09	2.0
7.0	33.5	25.0	0.04	0.57	2.0
7.0	34.0	25.25	0.03	0.09	2.0
7.25	34.0	25.5	0.03	0.55	2.0
7.0	33.75	25.5	0.03	0.09	2.0
7.0	34.0	25.25	0.03	0.57	2.0
7.5	35.5	26.25	0.04	0.09	2.0
7.25	35.5	26.25	0.03	0.09	2.0
7.5	36.0	26.5	0.03	0.09	2.0
7.25	35.25	26.0	0.04	0.09	2.0
7.75	35.75	26.5	0.03	0.09	2.0
8.0	36.0	26.5	0.03	0.1	2.0
7.75	35.25	26.25	0.03	0.58	2.0
8.0	36.0	26.75	0.03	0.1	2.0
7.5	34.5	26.25	0.03	0.09	2.0
7.0	30.5	20.75	0.03	0.1	7.0
11.25	21.0	16.25	0.02	0.1	2.0
8.5	36.5	27.5	0.03	0.58	2.0
7.5	36.25	27.5	0.03	0.09	2.0
7.5	37.0	27.25	0.03	0.1	2.0
7.75	37.25	27.75	0.03	0.1	2.0
7.5	36.5	27.0	0.03	0.1	2.0
8.0	37.0	27.0	0.03	0.1	2.0
7.5	35.25	26.0	0.03	0.54	2.0
7.25	34.25	25.25	0.04	0.1	2.0
8.0	35.25	25.75	0.03	0.1	2.0
7.25	34.5	25.25	0.03	0.09	2.0
7.0	32.5	24.5	0.03	0.08	2.0
6.25	31.25	24.0	0.03	0.08	2.0
7.0	32.75	24.75	0.03	0.08	2.0
7.25	33.25	24.75	0.03	0.09	2.0
7.25	33.5	24.5	0.03	0.09	2.0
7.0	33.0	24.25	0.03	0.08	2.0
7.0	32.25	23.25	0.03	0.08	2.0
7.25	32.5	23.5	0.03	0.57	2.0
7.25	33.0	23.75	0.03	0.09	2.0
6.25	29.75	22.25	0.03	0.56	2.0
7.0	31.25	23.25	0.03	0.08	2.0
6.5	31.0	23.0	0.03	0.54	2.0
6.75	31.25	23.25	0.03	0.53	2.0
6.75	31.0	23.0	0.03	0.08	2.0
6.75	31.5	23.0	0.03	0.08	2.0
6.75	32.0	23.25	0.02	0.09	2.0
7.25	33.25	24.0	0.02	0.09	2.0
7.5	34.25	24.25	0.03	0.57	2.0
7.25	34.0	24.25	0.03	0.09	2.0
7.25	32.75	23.75	0.03	0.09	2.0
7.75	33.75	23.75	0.03	0.55	2.0
7.5	33.0	22.75	0.03	0.09	2.0
7.0	32.25	22.75	0.03	0.09	2.0
7.5	32.75	23.0	0.02	0.09	2.0
6.75	29.0	19.5	0.03	0.09	2.0
7.5	28.25	19.5	0.03	0.54	2.0
7.25	32.25	23.0	0.02	0.09	2.0
7.0	32.25	23.0	0.02	0.09	2.0
7.5	33.25	24.25	0.03	0.09	2.0
7.5	33.5	24.5	0.02	0.09	2.0
8.25	36.25	26.0	0.02	0.09	2.0
7.75	35.25	25.25	0.03	0.55	2.0
7.75	34.25	25.0	0.03	0.09	2.0
7.5	33.75	24.75	0.03	0.09	2.0
7.75	34.75	25.5	0.03	0.09	2.0
7.25	33.25	25.25	0.03	0.09	2.0
6.75	32.0	24.5	0.03	0.08	2.0
7.25	33.0	25.0	0.02	0.09	2.0
7.25	33.0	25.25	0.03	0.08	2.0
7.0	32.5	24.75	0.03	0.09	2.0
7.0	32.75	24.5	0.03	0.08	2.0
7.0	33.0	24.75	0.02	0.09	2.0
7.0	32.75	24.5	0.03	0.56	2.0
7.0	32.75	24.25	0.03	0.09	2.0
7.5	33.75	24.5	0.02	0.09	2.0
7.25	33.75	24.75	0.03	0.09	2.0
7.0	32.25	24.0	0.02	0.09	2.0
7.25	33.0	24.5	0.02	0.09	2.0
7.25	32.75	24.25	0.03	0.09	2.0
7.5	32.25	24.0	0.03	0.58	2.0
7.25	33.5	24.75	0.02	0.09	2.0
7.5	33.75	24.75	0.02	0.56	2.0
7.25	32.5	24.0	0.03	0.09	2.0
7.5	34.0	24.75	0.02	0.09	2.0
8.25	37.0	26.25	0.03	0.58	2.0
8.25	37.25	26.0	0.02	0.1	2.0
8.0	35.0	25.0	0.03	0.09	2.0
7.75	35.0	24.5	0.02	0.1	2.0
7.75	35.0	24.25	0.02	0.57	2.0
7.5	34.0	24.0	0.03	0.09	2.0
7.75	34.75	24.25	0.02	0.1	2.0
7.75	33.75	23.75	0.02	0.09	2.0
7.75	30.75	19.75	0.02	0.08	1.0
