180?/s	1500?/s?	56pi*mm/360?	50ms/snap
R	G	B	Ambient	RedMode	ID
45.75	66.5	40.0	2.0	0.56	6.0
46.5	67.5	38.5	0.06	0.57	6.0
50.25	72.75	42.5	0.09	0.65	6.0
50.75	74.0	43.25	0.1	0.66	6.0
51.25	74.5	43.75	0.1	0.65	6.0
50.0	72.75	43.25	0.1	0.64	6.0
51.75	75.5	44.0	0.1	0.68	6.0
51.5	75.0	44.0	0.1	0.65	6.0
50.25	73.0	43.75	0.09	0.65	6.0
49.75	72.75	43.25	0.09	0.65	6.0
51.0	74.0	44.25	0.1	0.65	6.0
53.0	76.25	45.0	0.11	0.68	6.0
52.75	75.5	44.75	0.1	0.68	6.0
54.5	77.5	44.5	0.1	0.71	6.0
52.25	77.25	45.25	0.1	1.0	6.0
52.0	75.0	43.5	0.1	0.71	6.0
58.0	82.5	48.0	0.09	0.74	6.0
57.5	82.25	48.75	0.11	0.73	6.0
57.0	81.5	47.25	0.09	0.73	6.0
57.5	83.25	48.25	0.11	0.73	6.0
56.5	81.25	47.5	0.11	0.71	6.0
53.75	77.25	45.25	0.11	0.68	6.0
53.25	77.25	45.25	0.1	0.66	6.0
51.0	74.25	43.75	0.1	0.65	6.0
48.0	71.0	42.25	0.1	1.0	6.0
50.5	74.0	44.0	0.1	0.65	6.0
51.5	75.0	44.5	0.09	0.66	6.0
52.0	76.0	45.0	0.1	0.68	6.0
53.25	78.25	46.0	0.1	0.68	6.0
52.25	77.25	45.25	0.09	0.67	6.0
53.5	78.25	45.75	0.1	0.68	6.0
53.0	77.5	45.5	0.09	0.66	6.0
52.25	75.5	44.25	0.1	0.66	6.0
52.75	75.75	44.0	0.1	0.67	6.0
53.0	75.25	44.0	0.09	0.68	6.0
54.25	76.5	44.25	0.09	0.69	6.0
51.75	72.25	42.5	0.1	0.66	6.0
52.5	74.5	44.0	0.1	0.67	6.0
52.0	74.25	44.0	0.1	0.67	6.0
52.25	74.5	43.75	0.09	0.69	6.0
54.5	77.5	45.25	0.1	0.69	6.0
54.5	78.25	45.75	0.1	0.7	6.0
55.0	79.25	46.5	0.1	0.72	6.0
56.5	81.25	46.5	0.11	0.72	6.0
54.25	76.75	44.75	0.1	0.7	6.0
53.75	76.5	44.5	0.1	0.68	6.0
52.5	74.5	43.75	0.1	0.68	6.0
54.25	76.75	45.0	0.08	0.72	6.0
54.75	77.75	45.25	0.1	0.69	6.0
48.25	69.75	41.0	0.08	0.64	6.0
51.5	74.75	43.5	0.08	0.67	6.0
51.5	75.75	44.25	0.1	0.66	6.0
52.5	77.0	44.5	0.09	1.0	6.0
51.0	75.25	44.5	0.09	0.65	6.0
51.0	75.25	44.0	0.09	0.65	6.0
51.75	76.5	44.5	0.1	0.66	6.0
51.0	75.25	44.0	0.09	0.65	6.0
50.25	74.25	43.25	0.09	0.64	6.0
49.75	73.5	43.25	0.08	0.64	6.0
48.75	72.25	42.5	0.09	0.62	6.0
49.75	73.75	43.5	0.09	0.63	6.0
49.5	73.25	43.25	0.08	0.64	6.0
50.0	74.0	43.75	0.09	0.64	6.0
49.75	73.5	44.0	0.09	1.0	6.0
50.0	74.25	43.25	0.07	0.64	6.0
48.5	72.5	42.5	0.09	0.62	6.0
49.25	73.25	42.75	0.08	0.63	6.0
50.0	74.0	43.25	0.09	0.64	6.0
47.75	70.75	41.0	0.08	1.0	6.0
49.0	72.5	42.75	0.08	0.64	6.0
49.25	73.0	42.75	0.09	0.64	6.0
49.75	73.75	43.25	0.09	0.64	6.0
50.25	74.5	43.5	0.08	0.65	6.0
49.5	72.75	42.25	0.09	0.63	6.0
50.0	74.0	43.0	0.08	0.64	6.0
50.5	74.25	43.5	0.08	0.64	6.0
51.0	75.25	44.0	0.1	0.65	6.0
52.0	76.5	44.5	0.09	0.65	6.0
49.25	73.25	43.25	0.08	0.61	6.0
49.5	74.0	43.25	0.08	0.64	6.0
49.25	72.75	42.5	0.09	0.63	6.0
49.25	73.25	43.0	0.07	0.63	6.0
49.75	74.0	43.25	0.08	0.64	6.0
50.25	74.5	43.5	0.09	1.0	6.0
50.25	75.0	44.0	0.09	0.65	6.0
53.75	76.25	45.0	0.08	0.68	6.0
55.0	79.25	45.75	0.09	0.67	6.0
51.5	75.75	44.0	0.09	1.0	6.0
51.75	76.25	44.0	0.09	0.65	6.0
52.5	76.75	44.25	0.09	1.0	6.0
50.0	72.25	41.75	0.09	0.65	6.0
52.0	75.0	42.75	0.09	0.65	6.0
49.5	71.25	41.0	0.09	0.63	6.0
49.75	72.0	42.5	0.08	0.63	6.0
48.25	70.75	42.5	0.09	0.62	6.0
45.0	66.0	40.0	0.08	0.99	6.0
44.75	65.5	39.5	0.08	0.57	6.0
49.25	72.75	43.75	0.09	0.64	6.0
51.5	76.25	45.5	0.08	0.67	6.0
52.25	77.0	45.5	0.09	0.66	6.0
52.0	77.0	46.0	0.09	1.0	6.0
52.75	78.25	46.5	0.09	0.66	6.0
54.25	80.25	47.25	0.08	1.0	6.0
53.75	79.5	47.25	0.08	0.69	6.0
55.5	82.0	48.25	0.08	1.0	6.0
56.0	82.75	48.5	0.09	1.0	6.0
54.25	80.0	47.25	0.09	0.7	6.0
53.75	78.5	46.75	0.08	0.71	6.0
53.25	78.5	46.5	0.09	0.68	6.0
52.0	77.0	45.25	0.09	0.66	6.0
53.75	78.75	47.25	0.09	0.7	6.0
53.0	77.75	46.25	0.08	0.69	6.0
53.75	79.5	46.75	0.09	0.68	6.0
52.5	77.75	46.5	0.09	1.0	6.0
55.0	80.75	47.75	0.1	0.7	6.0
57.0	83.0	48.5	0.1	1.0	6.0
56.25	81.75	47.25	0.09	0.72	6.0
54.5	78.0	44.75	0.09	0.7	6.0
56.25	81.25	46.25	0.09	0.69	6.0
51.75	75.5	44.5	0.08	1.0	6.0
55.0	80.0	46.75	0.09	0.71	6.0
54.75	78.25	44.5	0.09	0.7	6.0
49.0	71.0	40.5	0.06	0.83	13.0
0.75	2.5	0.25	0.03	0.0	-1.0
