180?/s	1500?/s?	56pi*mm/360?	50ms/snap
R	G	B	Ambient	RedMode	ID
21.5	30.75	18.0	0.03	0.28	2.0
29.25	9.25	5.0	0.03	0.37	0.0
28.5	8.5	4.75	0.02	0.36	0.0
27.75	7.75	4.25	0.02	0.81	0.0
27.75	8.25	4.5	0.03	0.36	0.0
28.75	8.75	4.75	0.03	0.36	0.0
28.25	8.25	4.75	0.03	0.36	0.0
28.5	8.75	4.75	0.02	0.82	0.0
28.75	8.5	4.75	0.03	0.38	0.0
29.25	8.5	4.75	0.02	0.8	0.0
29.0	8.5	4.75	0.03	0.37	0.0
29.5	9.0	4.75	0.03	0.82	0.0
28.25	8.75	4.75	0.02	0.36	0.0
28.25	8.75	4.5	0.03	0.36	0.0
29.25	8.25	4.75	0.03	0.37	0.0
29.0	8.25	4.5	0.02	0.36	0.0
28.75	8.5	4.5	0.03	0.37	0.0
29.0	8.75	4.75	0.03	0.37	0.0
28.75	8.75	5.0	0.02	0.36	0.0
28.75	8.5	4.75	0.03	0.79	0.0
28.75	8.75	4.75	0.02	0.79	0.0
30.25	8.75	4.5	0.02	0.39	0.0
28.75	8.75	4.75	0.02	0.36	0.0
29.0	9.0	4.75	0.02	0.37	0.0
29.75	9.0	5.0	0.03	0.81	0.0
29.5	8.5	4.5	0.03	0.37	0.0
30.0	8.75	4.75	0.03	0.81	0.0
29.75	8.75	4.75	0.02	0.38	0.0
30.0	9.25	5.0	0.03	0.83	0.0
28.75	8.75	4.75	0.02	0.36	0.0
28.5	8.5	4.5	0.02	0.36	0.0
29.0	8.5	4.75	0.02	0.79	0.0
29.5	8.5	4.5	0.02	0.83	0.0
29.75	9.0	5.0	0.03	0.81	0.0
30.75	10.0	5.5	0.03	0.39	0.0
29.5	9.25	4.75	0.02	0.38	0.0
29.0	9.0	4.75	0.03	0.83	0.0
29.75	9.25	5.25	0.02	0.37	0.0
29.25	9.5	5.25	0.03	0.37	0.0
29.0	9.25	5.0	0.03	0.84	0.0
13.0	31.5	8.25	0.03	0.15	7.0
20.5	22.0	5.75	0.02	0.81	0.0
28.5	8.5	4.75	0.02	0.82	0.0
28.75	8.75	4.75	0.02	0.8	0.0
29.25	8.25	4.5	0.03	0.37	0.0
30.5	9.0	5.0	0.03	0.39	0.0
30.5	8.75	4.75	0.03	0.39	0.0
30.75	8.75	5.0	0.03	0.38	0.0
28.25	8.25	4.5	0.03	0.36	0.0
29.0	8.5	4.75	0.02	0.36	0.0
29.25	8.5	4.5	0.03	0.37	0.0
28.75	8.25	4.5	0.03	0.36	0.0
29.75	8.0	4.75	0.02	0.38	0.0
29.0	8.25	4.5	0.02	0.37	0.0
29.25	8.25	4.5	0.02	0.37	0.0
30.25	8.75	4.75	0.02	0.39	0.0
31.0	8.5	4.75	0.02	0.83	0.0
31.5	8.75	4.75	0.03	0.4	0.0
31.0	9.0	4.75	0.02	0.39	0.0
31.0	8.75	4.75	0.02	0.39	0.0
30.25	8.5	4.75	0.03	0.38	0.0
30.0	8.25	4.5	0.02	0.38	0.0
29.75	8.5	4.75	0.02	0.83	0.0
29.0	8.25	4.75	0.03	0.37	0.0
30.0	8.75	4.5	0.02	0.39	0.0
30.75	8.75	4.75	0.02	0.39	0.0
31.0	9.5	5.0	0.02	0.39	0.0
30.5	8.75	4.75	0.02	0.39	0.0
30.25	8.25	4.25	0.03	0.39	0.0
30.75	9.0	4.75	0.02	0.81	0.0
32.0	9.75	5.0	0.02	0.41	0.0
33.25	9.5	5.25	0.02	0.42	0.0
32.0	9.0	4.75	0.02	0.4	0.0
31.75	9.25	4.75	0.02	0.85	0.0
32.0	9.0	5.0	0.02	0.41	0.0
32.25	9.0	4.75	0.02	0.4	0.0
30.0	8.5	4.75	0.02	0.84	0.0
30.25	8.75	4.5	0.03	0.82	0.0
30.25	8.5	4.5	0.03	0.83	0.0
29.75	8.0	4.25	0.03	0.38	0.0
30.0	9.0	5.0	0.02	0.38	0.0
30.5	9.0	5.0	0.02	0.39	0.0
30.25	9.5	5.0	0.02	0.38	0.0
9.0	8.75	6.0	0.01	0.1	7.0
15.25	9.0	4.75	0.02	0.38	0.0
30.25	9.5	5.25	0.02	0.38	0.0
30.0	9.0	5.0	0.02	0.83	0.0
30.25	9.0	4.75	0.03	0.83	0.0
29.0	8.5	4.5	0.03	0.37	0.0
29.5	8.5	4.75	0.02	0.38	0.0
29.75	8.75	5.0	0.03	0.8	0.0
29.0	8.75	4.5	0.02	0.38	0.0
31.5	9.25	5.25	0.02	0.4	0.0
30.25	8.5	4.75	0.02	0.37	0.0
31.5	9.0	5.0	0.02	0.4	0.0
31.5	8.75	4.75	0.03	0.4	0.0
32.0	9.5	5.0	0.02	0.41	0.0
33.0	9.75	5.5	0.02	0.4	0.0
31.25	9.25	5.0	0.02	0.86	0.0
31.0	9.0	5.25	0.02	0.37	0.0
29.25	8.5	4.5	0.02	0.38	0.0
29.25	8.5	4.5	0.02	0.37	0.0
28.75	9.0	4.75	0.02	0.36	0.0
29.5	8.75	4.75	0.02	0.38	0.0
29.5	9.0	5.0	0.02	0.37	0.0
30.0	8.75	4.75	0.02	0.39	0.0
30.5	8.75	4.75	0.02	0.39	0.0
30.75	9.0	5.0	0.02	0.39	0.0
31.25	9.25	5.0	0.02	0.4	0.0
32.0	9.5	5.25	0.02	0.41	0.0
32.5	9.25	4.75	0.02	0.41	0.0
32.25	9.5	5.0	0.03	0.41	0.0
32.25	9.5	5.25	0.02	0.4	0.0
31.25	8.75	4.75	0.02	0.4	0.0
32.5	9.75	5.5	0.03	0.4	0.0
32.0	9.25	5.25	0.02	0.4	0.0
32.0	8.75	4.75	0.02	0.41	0.0
31.75	9.0	4.75	0.02	0.41	0.0
32.0	8.75	4.5	0.02	0.41	0.0
32.75	9.0	4.75	0.02	0.42	0.0
32.5	9.25	4.75	0.02	0.41	0.0
31.75	8.75	4.5	0.03	0.87	0.0
32.5	9.75	5.25	0.02	0.42	0.0
33.5	10.25	5.5	0.02	0.88	0.0
32.75	10.25	5.5	0.02	0.86	0.0
31.25	9.75	5.25	0.02	0.4	0.0
31.5	10.25	5.5	0.02	0.82	0.0
17.5	23.0	19.5	0.03	0.57	2.0
8.5	32.75	21.75	0.02	0.12	13.0
32.5	9.5	5.25	0.02	0.41	0.0
31.75	9.25	5.0	0.02	0.4	0.0
30.75	9.0	5.0	0.02	0.39	0.0
31.0	9.0	5.25	0.02	0.4	0.0
31.25	9.25	5.0	0.02	0.39	0.0
31.0	9.25	5.0	0.02	0.39	0.0
31.25	9.5	5.0	0.02	0.41	0.0
31.5	9.5	5.25	0.02	0.4	0.0
31.5	10.25	5.5	0.02	0.85	0.0
31.0	10.0	5.25	0.02	0.39	0.0
31.25	9.5	5.25	0.02	0.83	0.0
31.0	9.75	5.25	0.02	0.39	0.0
30.0	9.25	5.0	0.02	0.38	0.0
31.5	9.25	5.0	0.02	0.4	0.0
31.0	9.25	5.25	0.02	0.4	0.0
30.5	9.25	5.0	0.02	0.4	0.0
31.75	9.75	5.25	0.02	0.4	0.0
31.25	9.5	5.0	0.02	0.4	0.0
32.5	9.75	5.5	0.02	0.41	0.0
32.5	10.0	5.25	0.02	0.41	0.0
32.5	9.75	5.0	0.02	0.42	0.0
31.5	9.25	5.0	0.02	0.82	0.0
31.25	9.5	5.0	0.02	0.4	0.0
31.5	9.5	5.0	0.02	0.83	0.0
30.75	9.25	5.0	0.02	0.39	0.0
31.5	9.5	4.75	0.02	0.41	0.0
33.0	10.5	5.75	0.02	0.41	0.0
32.25	9.75	5.0	0.02	0.41	0.0
32.0	9.75	5.5	0.02	0.4	0.0
32.0	9.75	5.25	0.02	0.4	0.0
31.75	10.25	5.25	0.02	0.86	0.0
32.25	10.5	5.25	0.02	0.83	0.0
32.75	10.0	5.25	0.02	0.41	0.0
32.5	10.0	5.75	0.02	0.4	0.0
32.5	9.75	5.5	0.02	0.41	0.0
32.0	9.5	5.0	0.02	0.84	0.0
32.5	9.25	5.0	0.02	0.41	0.0
34.0	9.75	5.25	0.02	0.42	0.0
32.75	8.75	4.75	0.02	0.86	0.0
31.0	9.0	4.75	0.02	0.41	0.0
31.75	9.75	5.0	0.02	0.86	0.0
31.75	9.25	5.25	0.02	0.82	0.0
31.25	9.25	5.0	0.02	0.4	0.0
31.5	9.0	5.0	0.02	0.39	0.0
30.0	10.5	5.0	0.02	0.83	0.0
39.0	37.75	31.25	0.02	0.6	6.0
51.25	75.0	43.5	0.06	0.64	6.0
25.25	36.75	19.0	0.06	0.31	2.0
23.5	33.75	19.25	0.04	0.3	2.0
23.25	33.25	19.0	0.03	0.29	2.0
22.5	32.25	18.25	0.03	0.29	2.0
22.0	31.75	18.25	0.03	0.28	2.0
21.5	31.0	17.75	0.03	0.27	2.0
22.5	32.5	18.5	0.03	0.29	2.0
23.25	33.75	19.0	0.02	0.3	2.0
