180?/s	1500?/s?	56pi*mm/360?	50ms/snap
R	G	B	Ambient	RedMode	ID
20.0	28.75	16.5	0.0	0.25	2.0
25.25	8.0	4.0	0.04	0.32	0.0
25.5	8.0	4.0	0.04	0.32	0.0
26.25	8.0	4.0	0.04	0.79	0.0
26.25	8.0	4.0	0.04	0.33	0.0
25.25	8.0	4.0	0.05	0.78	0.0
25.75	8.0	4.0	0.04	0.33	0.0
26.0	8.25	4.0	0.04	0.32	0.0
24.75	7.25	3.75	0.04	0.32	0.0
25.75	8.25	4.25	0.04	0.32	0.0
27.0	8.5	4.25	0.04	0.33	0.0
27.0	8.0	4.25	0.04	0.35	0.0
28.0	8.5	4.5	0.04	0.35	0.0
28.5	8.75	4.5	0.04	0.35	0.0
28.0	8.75	4.5	0.04	0.34	0.0
28.0	8.75	4.5	0.04	0.36	0.0
28.75	8.75	4.25	0.04	0.36	0.0
28.0	8.75	4.25	0.04	0.35	0.0
29.0	8.75	4.25	0.04	0.37	0.0
28.75	9.0	4.5	0.04	0.36	0.0
27.5	8.75	4.0	0.04	0.36	0.0
27.25	8.5	4.0	0.04	0.81	0.0
28.0	8.75	4.25	0.05	0.36	0.0
27.5	8.5	4.25	0.04	0.34	0.0
27.25	8.75	4.5	0.05	0.34	0.0
28.0	9.25	4.5	0.05	0.81	0.0
28.5	9.0	4.5	0.05	0.36	0.0
29.0	9.0	4.75	0.05	0.36	0.0
29.25	9.25	4.25	0.04	0.38	0.0
28.5	8.5	4.0	0.05	0.36	0.0
28.5	9.0	4.5	0.05	0.35	0.0
28.5	9.25	4.5	0.05	0.36	0.0
27.75	8.75	4.25	0.04	0.35	0.0
27.75	8.5	4.25	0.04	0.35	0.0
27.75	8.5	4.25	0.04	0.35	0.0
28.5	8.75	4.5	0.04	0.36	0.0
28.25	9.5	4.5	0.05	0.78	0.0
28.75	9.5	4.5	0.04	0.36	0.0
29.75	10.0	4.75	0.04	0.37	0.0
28.25	9.25	4.5	0.05	0.35	0.0
28.5	9.5	4.5	0.05	0.37	0.0
30.25	10.25	4.75	0.05	0.78	3.0
12.75	34.5	7.75	0.05	0.61	7.0
28.0	14.0	5.0	0.05	0.37	0.0
28.75	9.5	4.5	0.05	0.8	0.0
28.75	9.0	4.5	0.05	0.8	0.0
28.25	8.25	3.75	0.04	0.35	0.0
28.75	8.75	4.5	0.05	0.37	0.0
29.0	9.0	4.25	0.05	0.37	0.0
28.75	9.25	4.5	0.05	0.36	0.0
28.5	9.0	4.5	0.04	0.37	0.0
28.75	8.75	4.5	0.04	0.79	0.0
28.75	8.5	4.25	0.05	0.36	0.0
29.25	8.25	4.0	0.05	0.37	0.0
29.0	8.25	4.0	0.04	0.36	0.0
29.0	8.75	4.0	0.05	0.37	0.0
29.0	8.5	4.5	0.04	0.81	0.0
30.5	9.0	4.25	0.04	0.38	0.0
30.25	8.75	4.25	0.05	0.38	0.0
30.5	8.75	4.25	0.05	0.39	0.0
30.75	8.75	4.5	0.04	0.38	0.0
29.5	9.5	4.25	0.04	0.37	0.0
30.25	8.75	4.25	0.04	0.37	0.0
30.25	9.25	4.5	0.05	0.81	0.0
29.5	8.5	4.0	0.04	0.81	0.0
29.5	8.5	4.25	0.04	0.37	0.0
29.75	8.75	4.25	0.05	0.38	0.0
31.0	9.0	4.5	0.05	0.38	0.0
30.5	8.75	4.25	0.05	0.4	0.0
30.75	9.25	4.25	0.04	0.39	0.0
30.25	9.0	4.5	0.05	0.38	0.0
29.5	8.5	4.25	0.05	0.79	0.0
29.0	8.75	4.5	0.05	0.36	0.0
30.0	9.25	4.5	0.04	0.82	0.0
30.75	9.5	4.5	0.05	0.4	0.0
30.75	9.0	4.0	0.05	0.85	0.0
31.25	9.5	4.5	0.05	0.4	0.0
31.75	9.0	4.5	0.05	0.83	0.0
30.75	9.5	4.5	0.05	0.38	0.0
30.0	9.25	4.5	0.05	0.39	0.0
31.25	9.5	4.5	0.05	0.39	0.0
29.75	8.75	4.25	0.05	0.38	0.0
30.0	8.5	4.25	0.05	0.81	0.0
29.75	9.5	4.25	0.05	0.38	0.0
28.75	9.0	4.25	0.05	0.36	0.0
23.5	9.25	4.25	0.04	0.61	7.0
7.0	9.5	3.5	0.03	0.55	7.0
27.5	9.0	4.25	0.02	0.36	0.0
29.5	9.25	4.75	0.04	0.38	0.0
29.75	9.25	4.5	0.05	0.38	0.0
30.0	9.25	4.25	0.05	0.83	0.0
29.75	9.25	4.25	0.05	0.38	0.0
29.25	9.25	4.25	0.05	0.38	0.0
30.0	9.0	4.25	0.05	0.38	0.0
31.0	9.25	4.5	0.04	0.39	0.0
32.5	10.0	5.0	0.04	0.41	0.0
29.25	9.5	4.75	0.04	0.8	0.0
30.5	9.0	4.25	0.04	0.39	0.0
30.25	8.75	4.25	0.05	0.39	0.0
31.25	9.5	4.75	0.04	0.4	0.0
30.5	9.25	4.5	0.04	0.39	0.0
31.25	9.75	4.5	0.04	0.39	0.0
30.0	9.25	4.75	0.04	0.38	0.0
29.5	8.75	4.25	0.04	0.38	0.0
29.0	9.25	4.5	0.05	0.82	0.0
29.5	9.0	4.5	0.04	0.83	0.0
30.5	9.75	4.75	0.04	0.39	0.0
30.25	9.0	4.5	0.04	0.39	0.0
31.0	8.75	4.25	0.04	0.82	0.0
31.0	9.5	4.5	0.04	0.39	0.0
30.25	9.25	4.5	0.04	0.39	0.0
31.25	10.0	4.75	0.05	0.4	0.0
31.25	9.75	4.25	0.04	0.82	0.0
32.25	9.5	4.5	0.04	0.4	0.0
32.25	9.75	4.5	0.04	0.87	0.0
32.75	10.5	4.75	0.05	0.41	0.0
31.75	9.25	4.5	0.04	0.4	0.0
32.5	10.0	4.5	0.05	0.42	0.0
33.5	11.0	5.25	0.05	0.42	0.0
31.75	9.25	4.25	0.04	0.4	0.0
31.5	8.75	4.0	0.04	0.4	0.0
31.25	9.0	4.0	0.05	0.4	0.0
32.75	9.5	4.5	0.04	0.41	0.0
31.75	8.75	4.25	0.04	0.4	0.0
31.75	9.0	4.5	0.04	0.4	0.0
33.0	10.0	4.75	0.04	0.87	0.0
33.5	10.75	5.0	0.04	0.89	0.0
33.25	11.0	5.25	0.04	0.43	0.0
34.25	11.0	5.0	0.04	0.44	0.0
34.0	11.75	5.25	0.03	0.38	0.0
27.0	9.75	5.75	0.04	0.28	2.0
8.5	33.25	21.25	0.05	0.11	2.0
29.0	13.75	5.25	0.04	0.39	0.0
30.75	9.0	4.5	0.04	0.39	0.0
31.0	9.75	4.5	0.04	0.38	0.0
30.25	9.5	4.75	0.04	0.37	0.0
29.25	9.0	4.0	0.04	0.37	0.0
28.5	9.25	4.0	0.04	0.37	0.0
29.25	9.0	4.5	0.04	0.37	0.0
29.0	9.25	4.25	0.04	0.83	0.0
29.5	9.75	4.75	0.04	0.37	0.0
29.25	9.75	4.75	0.04	0.8	0.0
28.75	9.5	4.25	0.04	0.38	0.0
30.0	9.75	4.5	0.04	0.81	0.0
30.25	10.0	4.75	0.04	0.38	0.0
30.75	9.5	4.25	0.04	0.4	0.0
31.0	9.5	4.75	0.04	0.39	0.0
29.25	9.25	4.25	0.04	0.37	0.0
30.0	9.25	4.0	0.05	0.81	0.0
29.25	9.25	4.25	0.04	0.37	0.0
29.75	8.75	4.25	0.04	0.37	0.0
30.5	10.0	4.75	0.04	0.82	0.0
29.75	9.25	4.25	0.04	0.81	0.0
30.5	9.25	4.5	0.04	0.39	0.0
30.0	9.5	4.5	0.04	0.38	0.0
30.5	9.75	4.75	0.04	0.39	0.0
30.25	9.5	4.0	0.04	0.39	0.0
31.0	9.75	4.25	0.04	0.4	0.0
32.25	11.0	5.25	0.04	0.4	0.0
31.25	10.25	4.75	0.04	0.82	0.0
31.25	10.75	4.75	0.03	0.39	0.0
30.25	9.75	4.75	0.04	0.39	0.0
30.75	10.25	5.0	0.03	0.39	0.0
30.75	9.75	4.5	0.03	0.39	0.0
31.0	10.0	4.75	0.04	0.39	0.0
30.75	9.75	4.75	0.03	0.38	0.0
30.5	10.25	4.25	0.03	0.4	0.0
31.5	10.25	4.5	0.03	0.4	0.0
32.25	9.5	4.25	0.04	0.84	0.0
30.75	8.75	4.25	0.03	0.39	0.0
30.5	9.5	4.25	0.03	0.4	0.0
31.0	9.5	4.25	0.04	0.39	0.0
29.25	9.0	4.0	0.03	0.8	0.0
28.75	9.0	4.0	0.03	0.36	0.0
28.0	8.0	4.0	0.03	0.79	0.0
28.0	10.25	4.5	0.03	0.35	0.0
28.0	11.25	9.75	0.03	0.44	6.0
48.75	69.75	42.25	0.06	0.6	6.0
35.75	53.0	24.5	0.07	0.32	2.0
21.0	30.75	17.5	0.06	0.28	2.0
21.75	32.0	18.0	0.04	0.27	2.0
21.25	31.25	17.25	0.04	0.26	2.0
