180?/s	1500?/s?	56pi*mm/360?	50ms/snap
R	G	B	Ambient	RedMode	ID
42.75	63.25	38.0	0.02	0.54	6.0
47.75	69.0	40.0	0.15	0.6	6.0
48.75	71.5	41.25	0.15	1.0	6.0
50.25	74.25	43.0	0.15	0.65	6.0
49.5	73.5	42.75	0.16	0.64	6.0
50.0	74.0	43.0	0.16	0.64	6.0
51.5	75.75	43.75	0.16	1.0	6.0
50.5	74.5	43.25	0.15	0.65	6.0
51.0	75.0	43.5	0.15	0.65	6.0
50.75	75.0	43.5	0.16	0.66	6.0
53.5	79.25	45.25	0.15	0.68	6.0
54.75	80.25	46.0	0.16	0.7	6.0
56.0	81.5	45.75	0.16	0.73	6.0
58.0	84.0	46.5	0.16	0.73	6.0
53.5	80.5	45.5	0.16	0.69	6.0
53.75	78.25	44.0	0.16	1.0	6.0
56.25	81.5	46.75	0.16	0.71	6.0
56.0	81.75	47.0	0.17	0.72	6.0
54.5	79.25	45.5	0.16	0.69	6.0
55.0	80.75	46.75	0.16	0.69	6.0
53.75	78.75	45.75	0.16	0.69	6.0
52.0	76.0	44.0	0.15	0.66	6.0
51.0	75.5	43.75	0.15	1.0	6.0
49.25	73.0	42.5	0.15	0.62	6.0
49.25	73.5	42.75	0.15	0.64	6.0
51.25	76.0	44.0	0.15	0.65	6.0
51.75	76.25	44.0	0.15	1.0	6.0
51.0	75.5	43.75	0.15	1.0	6.0
50.0	74.25	43.5	0.15	1.0	6.0
50.25	74.75	43.5	0.15	0.65	6.0
50.5	75.5	44.0	0.15	1.0	6.0
50.0	74.25	43.5	0.15	0.63	6.0
50.0	73.5	42.75	0.15	1.0	6.0
50.25	73.25	42.5	0.15	0.63	6.0
52.5	75.25	43.25	0.16	0.68	6.0
52.0	74.0	42.25	0.15	0.66	6.0
53.5	76.0	43.0	0.15	0.69	6.0
53.25	76.25	43.75	0.15	1.0	6.0
53.0	76.75	44.0	0.15	0.68	6.0
52.5	76.0	43.5	0.15	0.67	6.0
53.0	76.75	44.25	0.14	0.68	6.0
52.0	76.25	44.0	0.14	0.66	6.0
51.75	76.5	44.5	0.15	0.65	6.0
52.0	74.5	42.75	0.15	1.0	6.0
52.5	75.25	43.5	0.15	0.66	6.0
48.25	71.0	41.25	0.15	0.61	6.0
50.5	73.0	42.25	0.15	0.65	6.0
53.25	75.25	43.5	0.15	0.67	6.0
51.25	74.75	42.75	0.15	0.63	6.0
47.75	70.0	40.75	0.14	0.61	6.0
50.25	74.25	43.25	0.15	0.63	6.0
47.25	70.75	41.75	0.14	0.59	6.0
43.75	66.0	39.75	0.14	0.96	6.0
45.5	68.5	40.75	0.14	0.57	6.0
45.5	68.75	41.25	0.14	1.0	6.0
45.25	68.5	40.75	0.14	0.97	6.0
45.5	68.25	40.75	0.14	0.99	6.0
45.75	68.75	40.75	0.14	0.58	6.0
47.75	72.0	42.25	0.14	1.0	6.0
46.75	70.0	41.25	0.14	0.6	6.0
48.0	71.75	42.0	0.14	1.0	6.0
48.5	72.75	42.5	0.14	0.61	6.0
47.0	71.0	41.75	0.14	0.6	6.0
47.5	71.75	42.25	0.14	0.61	6.0
46.25	69.5	41.0	0.14	1.0	6.0
44.5	67.25	40.0	0.13	0.56	6.0
44.75	67.25	40.25	0.13	0.57	6.0
44.75	67.5	40.0	0.14	0.57	6.0
43.5	65.25	38.5	0.13	0.57	6.0
44.75	67.25	40.25	0.12	0.58	6.0
45.25	68.0	40.5	0.13	0.58	6.0
47.5	71.75	42.0	0.14	0.99	6.0
47.25	71.0	41.5	0.13	0.6	6.0
47.5	71.0	41.25	0.13	0.6	6.0
47.25	70.75	41.5	0.13	0.59	6.0
48.25	72.5	42.25	0.14	0.63	6.0
48.5	72.25	42.5	0.14	0.61	6.0
47.75	71.25	42.25	0.13	0.61	6.0
45.5	68.75	40.5	0.13	0.98	6.0
42.25	64.25	38.75	0.13	0.55	6.0
43.75	66.5	39.25	0.13	0.55	6.0
44.5	67.0	40.25	0.12	0.57	6.0
45.0	68.25	40.25	0.13	0.57	6.0
43.75	66.75	39.75	0.13	0.57	6.0
45.25	68.25	41.0	0.13	0.58	6.0
47.0	70.75	41.5	0.13	0.6	6.0
49.0	72.0	41.5	0.13	1.0	6.0
51.25	75.0	42.5	0.13	0.62	6.0
47.25	71.0	41.75	0.13	0.62	6.0
47.25	71.5	41.5	0.14	0.6	6.0
46.75	69.75	40.75	0.13	0.6	6.0
45.25	67.25	39.0	0.12	0.99	6.0
46.75	68.5	40.25	0.12	0.6	6.0
45.75	67.25	39.5	0.12	0.99	6.0
46.5	69.0	40.5	0.12	0.59	6.0
45.75	68.0	40.25	0.12	1.0	6.0
45.25	67.25	40.0	0.12	0.59	6.0
46.0	68.25	40.0	0.12	0.59	6.0
48.0	71.5	42.25	0.12	0.63	6.0
50.0	75.0	43.75	0.13	1.0	6.0
51.25	76.0	44.5	0.12	1.0	6.0
50.0	74.5	44.0	0.13	0.62	6.0
49.5	74.0	44.0	0.13	0.64	6.0
49.5	74.5	44.25	0.13	0.64	6.0
49.5	74.5	44.5	0.13	0.64	6.0
49.0	73.75	44.25	0.13	0.63	6.0
50.25	75.25	45.0	0.13	0.64	6.0
50.75	76.0	45.0	0.13	0.64	6.0
49.5	74.0	44.25	0.13	0.64	6.0
50.5	75.75	44.75	0.13	0.64	6.0
50.5	75.0	44.5	0.13	1.0	6.0
50.0	74.75	44.25	0.13	1.0	6.0
50.5	75.5	44.5	0.13	0.65	6.0
50.0	75.5	45.0	0.12	0.62	6.0
49.5	75.0	44.5	0.12	0.64	6.0
51.25	76.75	45.75	0.12	0.65	6.0
49.0	72.5	43.75	0.13	0.63	6.0
49.25	73.25	43.25	0.13	0.62	6.0
49.25	72.25	42.75	0.13	1.0	6.0
49.25	71.75	42.75	0.13	1.0	6.0
45.0	67.5	40.25	0.12	0.99	6.0
46.5	69.5	41.5	0.12	0.59	6.0
47.75	69.75	40.75	0.12	0.62	6.0
46.25	68.0	39.25	0.12	0.56	2.0
1.0	3.25	0.25	0.09	0.0	-1.0
0.0	0.25	0.0	0.04	0.0	-1.0
0.0	0.0	0.0	0.04	0.0	-1.0
0.0	0.0	0.0	0.03	0.0	-1.0
0.0	0.0	0.0	0.03	0.48	-1.0
0.0	0.0	0.0	0.03	0.0	-1.0
0.0	0.25	0.0	0.04	0.46	-1.0
0.0	0.0	0.0	0.03	0.0	-1.0
0.0	0.0	0.0	0.04	0.0	-1.0
0.0	0.25	0.0	0.03	0.0	-1.0
0.0	0.0	0.0	0.04	0.45	-1.0
0.0	0.0	0.0	0.04	0.48	-1.0
0.0	0.0	0.0	0.03	0.48	-1.0
0.0	0.0	0.0	0.04	0.0	-1.0
0.0	0.25	0.0	0.03	0.0	-1.0
0.0	0.0	0.0	0.04	0.0	-1.0
0.0	0.0	0.0	0.03	0.0	-1.0
