180?/s	1500?/s?	56pi*mm/360?	50ms/snap
R	G	B	Ambient	RedMode	ID
55.5	76.0	43.75	0.05	0.68	6.0
56.5	78.0	44.25	0.12	0.73	6.0
55.25	76.75	44.0	0.16	0.71	6.0
57.0	79.75	45.75	0.16	0.74	6.0
55.75	78.5	43.5	0.15	0.7	6.0
56.5	79.25	44.25	0.15	0.73	6.0
57.0	80.0	44.25	0.16	0.73	6.0
53.5	74.75	41.75	0.15	0.68	6.0
54.75	77.25	43.0	0.15	1.0	6.0
54.5	76.5	42.5	0.13	0.69	6.0
52.25	73.75	41.5	0.15	0.67	6.0
53.0	74.75	42.25	0.14	0.67	6.0
50.0	71.75	41.0	0.14	0.64	6.0
52.75	78.25	44.25	0.14	0.66	6.0
56.0	79.5	44.75	0.13	1.0	6.0
59.0	85.25	47.75	0.15	0.76	6.0
59.75	84.75	47.25	0.15	0.76	6.0
59.75	84.0	46.5	0.14	0.76	6.0
60.5	85.25	46.75	0.15	0.78	6.0
60.5	85.0	47.25	0.15	0.78	6.0
55.75	80.0	45.5	0.13	0.73	6.0
57.25	81.25	45.75	0.12	0.72	6.0
56.0	81.0	45.25	0.12	0.71	6.0
56.75	81.25	44.75	0.12	0.72	6.0
56.5	80.5	45.25	0.13	0.71	6.0
56.5	80.75	45.0	0.13	1.0	6.0
56.75	80.25	44.75	0.13	0.73	6.0
58.25	82.0	45.0	0.13	1.0	6.0
58.75	81.75	45.0	0.12	0.75	6.0
59.5	82.75	45.75	0.12	0.76	6.0
57.75	81.5	45.0	0.12	0.76	6.0
58.75	82.25	45.25	0.12	0.75	6.0
58.5	81.75	44.75	0.11	0.75	6.0
59.5	83.0	45.0	0.12	0.76	6.0
60.25	83.5	45.75	0.12	1.0	6.0
59.25	81.25	44.75	0.12	0.75	6.0
58.25	80.0	43.5	0.12	0.74	6.0
55.75	77.75	43.25	0.11	0.71	6.0
56.25	79.5	44.0	0.11	0.69	6.0
56.25	80.0	44.5	0.11	0.73	6.0
59.25	83.75	46.0	0.12	0.77	6.0
58.75	83.5	45.5	0.12	0.74	6.0
57.25	82.0	45.25	0.11	0.74	6.0
58.0	83.5	45.5	0.11	0.73	6.0
54.5	80.25	44.5	0.11	0.69	6.0
53.75	78.75	44.0	0.1	0.7	6.0
56.5	82.0	46.5	0.1	1.0	6.0
60.25	87.0	48.0	0.11	0.76	6.0
47.5	69.75	37.5	0.09	0.59	6.0
56.25	83.0	48.5	0.09	0.73	6.0
57.75	83.75	47.5	0.12	0.74	6.0
58.75	85.25	48.75	0.11	0.76	6.0
60.0	87.0	49.5	0.12	0.76	6.0
61.0	87.75	49.25	0.12	1.0	6.0
62.0	89.5	50.0	0.12	0.8	6.0
60.75	86.25	48.25	0.11	0.79	6.0
60.0	85.5	47.75	0.12	0.76	6.0
61.0	85.75	48.0	0.11	0.78	6.0
59.25	83.75	47.0	0.11	0.77	6.0
58.75	82.25	46.25	0.11	1.0	6.0
57.5	81.5	46.25	0.1	0.74	6.0
58.25	82.25	46.0	0.1	0.75	6.0
58.5	81.25	45.75	0.1	0.74	6.0
55.0	78.25	44.25	0.1	0.71	6.0
57.0	81.5	45.75	0.11	0.74	6.0
59.0	84.75	47.5	0.1	0.75	6.0
57.75	84.0	46.75	0.11	0.74	6.0
59.75	87.0	48.5	0.11	0.75	6.0
58.5	85.75	47.75	0.1	0.73	6.0
57.25	84.25	47.5	0.09	0.73	6.0
58.25	83.0	46.25	0.1	0.73	6.0
54.75	80.5	45.5	0.1	0.69	6.0
53.75	78.5	45.25	0.1	0.68	6.0
53.5	78.75	45.25	0.1	0.69	6.0
54.5	79.0	45.0	0.1	0.69	6.0
55.0	79.5	45.0	0.09	1.0	6.0
52.5	76.0	43.25	0.08	0.66	6.0
51.75	73.75	42.5	0.09	0.66	6.0
53.75	76.25	42.75	0.1	0.68	6.0
52.25	75.5	42.5	0.1	0.69	6.0
55.25	78.75	43.75	0.08	0.72	6.0
54.75	77.25	42.25	0.09	1.0	6.0
54.0	76.0	41.5	0.09	0.68	6.0
53.5	74.75	41.75	0.09	0.68	6.0
54.25	78.0	44.0	0.1	0.7	6.0
53.75	78.25	44.5	0.09	1.0	6.0
51.75	75.0	43.0	0.09	0.66	6.0
52.25	76.25	44.0	0.09	0.7	6.0
53.75	78.25	44.25	0.1	0.69	6.0
54.25	78.0	44.0	0.1	0.69	6.0
54.0	76.75	43.5	0.09	0.68	6.0
55.0	75.5	41.5	0.09	0.7	6.0
56.0	76.75	42.25	0.09	1.0	6.0
58.5	79.5	43.5	0.09	1.0	6.0
57.5	78.75	42.0	0.09	0.72	6.0
57.25	77.75	42.75	0.09	1.0	6.0
59.25	81.5	44.75	0.09	0.76	6.0
57.5	80.75	44.0	0.09	1.0	6.0
54.5	77.5	42.75	0.08	0.68	6.0
54.75	76.5	42.5	0.09	0.68	6.0
54.75	76.25	41.75	0.09	0.7	6.0
57.0	80.0	43.25	0.09	0.7	6.0
54.25	76.75	42.25	0.09	0.69	6.0
54.75	77.25	43.0	0.09	0.69	6.0
53.75	76.75	42.5	0.08	1.0	6.0
54.25	77.0	42.25	0.08	0.7	6.0
54.25	76.75	42.75	0.09	0.7	6.0
56.25	80.0	44.0	0.08	0.72	6.0
54.5	77.5	43.75	0.09	0.68	6.0
52.75	75.5	43.5	0.08	1.0	6.0
49.25	70.25	40.5	0.09	0.62	6.0
49.0	70.25	40.75	0.08	0.63	6.0
50.0	71.75	41.25	0.09	0.65	6.0
49.25	70.75	40.25	0.08	0.64	6.0
47.5	68.25	39.25	0.08	0.62	6.0
48.25	68.5	39.25	0.08	0.61	6.0
48.5	69.25	39.5	0.08	1.0	6.0
48.75	69.0	39.75	0.09	0.63	6.0
48.75	68.25	38.75	0.09	0.63	6.0
50.75	71.0	39.5	0.08	0.64	6.0
47.75	66.75	37.5	0.08	0.61	6.0
48.25	67.0	37.75	0.07	0.62	6.0
49.75	69.0	38.5	0.08	0.64	6.0
47.75	66.5	37.0	0.08	0.6	6.0
0.75	2.5	1.0	0.05	0.0	-1.0
