180?/s	1500?/s?	56pi*mm/360?	50ms/snap
R	G	B	Ambient	RedMode	ID
53.5	74.0	42.75	0.07	0.7	6.0
49.75	68.0	39.75	0.17	0.63	6.0
49.5	68.25	39.75	0.15	0.63	6.0
50.25	70.0	41.25	0.14	0.64	6.0
50.5	71.5	42.0	0.13	1.0	6.0
50.5	71.75	41.0	0.12	0.63	6.0
52.25	73.5	42.0	0.12	0.68	6.0
51.75	72.75	41.5	0.12	0.66	6.0
47.75	66.75	39.0	0.11	0.6	6.0
48.75	68.5	39.5	0.11	0.64	6.0
49.5	70.0	40.25	0.09	0.62	6.0
46.0	65.5	38.25	0.07	0.58	6.0
46.0	65.5	38.25	0.06	0.58	6.0
45.25	65.25	38.25	0.06	0.58	6.0
47.25	70.5	41.5	0.06	1.0	6.0
49.0	69.5	41.25	0.08	0.64	6.0
56.5	81.25	46.25	0.1	1.0	6.0
56.5	80.0	46.0	0.12	1.0	6.0
56.25	79.5	44.75	0.13	0.74	6.0
54.75	77.0	44.25	0.13	0.71	6.0
51.0	75.0	42.5	0.12	0.64	6.0
52.0	74.5	43.25	0.12	0.64	6.0
50.75	73.0	42.5	0.12	1.0	6.0
50.5	72.5	42.0	0.12	0.64	6.0
50.25	71.5	42.0	0.12	1.0	6.0
50.5	72.25	41.75	0.12	0.65	6.0
50.75	72.75	42.25	0.12	0.65	6.0
52.5	74.0	42.5	0.11	0.67	6.0
52.75	73.75	42.25	0.11	0.66	6.0
52.5	73.25	42.0	0.11	1.0	6.0
54.5	77.0	43.25	0.11	0.68	6.0
51.5	72.75	42.25	0.12	0.65	6.0
51.5	72.5	41.75	0.12	0.65	6.0
50.5	71.25	41.0	0.12	1.0	6.0
50.5	70.75	40.75	0.1	1.0	6.0
51.0	71.25	41.25	0.11	1.0	6.0
49.75	68.25	39.5	0.1	1.0	6.0
49.25	68.25	39.5	0.1	0.63	6.0
49.0	68.0	39.5	0.1	0.62	6.0
46.0	66.0	39.0	0.1	0.59	6.0
48.75	69.75	40.75	0.1	0.63	6.0
49.5	71.0	41.5	0.09	0.63	6.0
50.0	72.25	41.75	0.1	0.64	6.0
50.25	72.5	42.25	0.1	0.63	6.0
47.5	69.5	41.0	0.1	0.61	6.0
47.5	70.0	41.0	0.1	0.59	6.0
46.0	67.75	40.25	0.08	0.58	6.0
46.75	69.0	41.5	0.09	0.61	6.0
51.75	75.25	43.75	0.1	0.65	6.0
43.0	63.5	36.75	0.09	0.95	6.0
42.5	62.25	38.5	0.09	0.6	6.0
50.75	73.75	43.5	0.09	0.64	6.0
51.0	74.0	44.0	0.09	0.66	6.0
53.25	77.5	45.75	0.09	0.68	6.0
53.25	76.0	44.75	0.09	0.69	6.0
56.0	81.25	47.0	0.09	0.74	6.0
56.25	81.0	46.0	0.1	0.7	6.0
55.75	79.25	45.5	0.09	0.7	6.0
53.75	76.5	44.5	0.1	0.69	6.0
54.25	76.0	44.25	0.09	0.69	6.0
53.75	75.75	44.0	0.09	0.68	6.0
52.5	74.0	43.25	0.09	0.66	6.0
53.75	75.5	44.0	0.09	1.0	6.0
53.0	74.25	43.25	0.09	0.69	6.0
51.25	72.5	42.25	0.09	0.65	6.0
52.0	73.5	43.25	0.08	0.68	6.0
53.75	77.5	45.0	0.08	0.68	6.0
55.0	79.75	45.75	0.1	0.7	6.0
55.75	81.5	46.75	0.09	0.71	6.0
52.25	77.0	45.0	0.1	1.0	6.0
50.75	75.25	44.25	0.08	0.65	6.0
51.0	74.75	44.0	0.09	0.66	6.0
48.75	71.5	42.0	0.09	0.61	6.0
47.0	70.0	41.75	0.08	0.6	6.0
47.25	70.0	41.75	0.07	1.0	6.0
49.25	72.5	43.0	0.08	0.63	6.0
49.25	72.25	42.5	0.08	0.63	6.0
48.0	69.75	41.25	0.08	0.6	6.0
47.5	68.25	40.25	0.08	0.61	6.0
48.5	69.25	40.5	0.08	0.63	6.0
49.5	70.75	41.25	0.08	0.62	6.0
51.25	73.5	42.25	0.08	0.66	6.0
50.25	71.5	41.0	0.08	0.64	6.0
49.0	69.0	39.5	0.07	0.61	6.0
47.25	66.0	38.5	0.08	0.6	6.0
48.5	69.5	41.25	0.08	0.63	6.0
46.75	68.25	40.0	0.07	0.6	6.0
48.5	70.25	40.75	0.08	0.58	6.0
48.5	69.5	41.75	0.08	1.0	6.0
49.5	72.0	41.75	0.08	0.62	6.0
48.0	69.75	41.0	0.08	0.6	6.0
47.0	66.5	39.0	0.07	0.6	6.0
49.0	67.0	38.5	0.07	0.62	6.0
50.5	69.5	40.0	0.07	0.65	6.0
53.25	73.0	41.25	0.07	0.67	6.0
51.25	70.5	40.0	0.07	0.64	6.0
51.0	69.5	40.0	0.07	0.65	6.0
50.25	69.5	40.0	0.08	0.66	6.0
50.25	70.75	40.0	0.08	0.64	6.0
46.75	67.25	39.0	0.07	0.6	6.0
48.0	68.0	39.5	0.07	1.0	6.0
49.25	69.5	40.0	0.07	0.63	6.0
49.25	69.0	40.0	0.08	1.0	6.0
48.75	69.25	39.75	0.08	1.0	6.0
50.0	71.25	40.75	0.08	0.64	6.0
50.0	71.5	40.75	0.07	0.64	6.0
50.25	71.5	40.75	0.07	0.62	6.0
50.0	71.5	40.5	0.08	0.63	6.0
49.75	71.0	40.75	0.07	0.63	6.0
48.5	69.5	40.5	0.08	0.63	6.0
50.0	71.75	41.75	0.07	0.64	6.0
50.25	72.0	41.5	0.07	0.63	6.0
47.5	68.5	40.25	0.08	0.62	6.0
47.5	68.0	39.5	0.07	0.59	6.0
48.25	69.0	40.25	0.08	0.62	6.0
47.5	68.0	39.25	0.07	0.62	6.0
47.75	68.25	39.5	0.07	0.61	6.0
47.75	68.25	39.75	0.07	0.61	6.0
47.75	69.0	39.25	0.08	0.61	6.0
47.5	67.75	39.5	0.08	0.61	6.0
48.5	68.25	38.5	0.07	0.63	6.0
47.5	66.5	37.25	0.07	0.6	6.0
45.75	64.75	36.25	0.07	0.59	6.0
45.25	63.25	36.25	0.07	1.0	6.0
45.25	62.75	36.25	0.07	0.61	6.0
