180?/s	1500?/s?	56pi*mm/360?	50ms/snap
R	G	B	Ambient	RedMode	ID
19.25	28.25	16.75	0.02	0.24	2.0
5.0	7.75	4.0	0.01	0.51	7.0
5.0	7.75	3.75	0.01	0.56	7.0
5.25	7.75	4.5	0.01	0.05	7.0
4.5	7.25	3.75	0.01	0.51	7.0
4.75	7.5	3.75	0.01	0.06	7.0
4.75	7.75	4.0	0.01	0.06	7.0
4.75	7.25	3.75	0.01	0.06	7.0
5.0	8.0	4.0	0.01	0.06	7.0
5.25	9.0	4.0	0.01	0.52	7.0
5.25	8.25	4.25	0.01	0.06	7.0
5.75	8.75	4.5	0.0	0.07	7.0
5.25	8.25	4.0	0.01	0.07	7.0
5.0	8.0	4.0	0.01	0.06	7.0
5.25	8.5	4.0	0.02	0.55	7.0
5.75	8.75	4.25	0.01	0.07	7.0
5.5	8.75	4.5	0.01	0.06	7.0
5.5	8.25	4.25	0.01	0.06	7.0
5.0	8.0	4.0	0.01	0.54	7.0
4.75	7.75	4.0	0.01	0.06	7.0
4.5	7.5	3.75	0.01	0.06	7.0
4.5	7.5	3.5	0.01	0.55	7.0
4.75	7.25	4.0	0.01	0.06	7.0
4.5	7.0	4.0	0.01	0.06	7.0
4.75	7.25	4.0	0.0	0.06	7.0
5.0	7.75	4.0	0.01	0.53	7.0
4.25	6.75	3.5	0.01	0.05	7.0
4.5	7.5	3.75	0.01	0.06	7.0
4.5	7.0	3.75	0.01	0.05	7.0
4.5	7.25	3.75	0.01	0.06	7.0
4.5	7.5	3.75	0.01	0.53	7.0
5.0	7.75	4.0	0.01	0.07	7.0
5.5	8.75	4.5	0.01	0.06	7.0
5.0	8.0	4.0	0.01	0.06	7.0
5.25	7.75	4.0	0.01	0.06	7.0
5.25	8.25	4.0	0.0	0.52	7.0
5.5	8.5	4.25	0.0	0.56	7.0
5.5	8.5	4.25	0.01	0.07	7.0
5.75	8.75	4.5	0.01	0.06	7.0
11.25	28.75	7.25	0.02	0.15	7.0
12.5	34.5	7.75	0.04	0.15	7.0
5.25	8.25	4.25	0.03	0.52	7.0
5.25	8.5	4.5	0.01	0.07	7.0
5.25	8.75	4.5	0.01	0.07	7.0
5.5	8.5	4.25	0.01	0.56	7.0
5.0	7.75	4.0	0.0	0.06	7.0
4.5	7.5	3.75	0.01	0.06	7.0
4.75	7.5	4.0	0.01	0.06	7.0
4.5	7.25	3.75	0.01	0.06	7.0
4.5	7.5	3.75	0.01	0.06	7.0
4.5	7.0	3.75	0.01	0.05	7.0
4.75	7.75	4.0	0.01	0.56	7.0
5.0	7.75	4.25	0.01	0.06	7.0
4.75	7.5	4.0	0.01	0.05	7.0
4.75	7.75	4.0	0.01	0.06	7.0
5.25	8.0	4.25	0.01	0.53	7.0
5.0	7.75	4.0	0.0	0.06	7.0
4.75	7.75	4.0	0.01	0.06	7.0
4.5	7.0	3.75	0.01	0.05	7.0
4.5	7.75	4.0	0.01	0.51	7.0
4.5	7.0	3.75	0.01	0.05	7.0
4.5	7.25	3.75	0.01	0.51	7.0
4.25	7.0	3.75	0.01	0.52	7.0
4.5	6.75	3.75	0.0	0.05	7.0
4.5	7.5	3.75	0.01	0.55	7.0
4.25	7.0	3.75	0.01	0.53	7.0
4.25	7.25	3.5	0.01	0.55	7.0
4.5	7.0	3.75	0.01	0.05	7.0
4.5	7.0	4.0	0.01	0.06	7.0
4.5	7.0	3.75	0.01	0.05	7.0
4.25	7.0	3.5	0.0	0.05	7.0
4.5	7.25	3.75	0.01	0.06	7.0
4.5	7.25	3.75	0.01	0.56	7.0
4.75	7.25	3.75	0.01	0.52	7.0
4.75	7.75	4.0	0.01	0.53	7.0
4.75	7.75	4.0	0.01	0.06	7.0
4.75	8.0	4.0	0.01	0.55	7.0
4.75	7.75	4.0	0.01	0.06	7.0
5.0	8.0	4.0	0.01	0.07	7.0
4.75	7.75	3.75	0.01	0.06	7.0
4.5	7.5	3.75	0.01	0.54	7.0
5.25	8.5	4.25	0.01	0.08	7.0
4.5	7.25	3.5	0.01	0.05	7.0
4.5	7.0	4.0	0.01	0.51	7.0
4.75	7.75	4.0	0.01	0.06	7.0
4.25	6.75	4.0	0.01	0.05	7.0
4.0	6.5	3.5	0.01	0.05	7.0
4.25	6.75	3.75	0.01	0.05	7.0
4.25	6.5	3.75	0.01	0.05	7.0
4.5	7.25	3.5	0.0	0.06	7.0
5.25	8.0	4.0	0.01	0.06	7.0
4.5	7.25	3.75	0.01	0.06	7.0
4.25	7.0	3.5	0.01	0.05	7.0
4.75	6.5	4.0	0.0	0.55	7.0
4.5	7.25	3.5	0.01	0.06	7.0
4.5	7.25	3.75	0.0	0.06	7.0
4.75	7.5	4.0	0.0	0.06	7.0
4.5	6.75	3.5	0.01	0.53	7.0
4.5	6.75	3.75	0.01	0.05	7.0
4.25	6.5	3.75	0.0	0.05	7.0
3.75	6.75	3.25	0.01	0.51	7.0
4.5	7.0	3.75	0.01	0.06	7.0
4.25	6.5	3.75	0.01	0.52	7.0
4.25	6.5	3.5	0.01	0.05	7.0
4.25	6.5	3.5	0.01	0.05	7.0
4.0	6.5	3.5	0.01	0.53	7.0
4.5	6.75	3.75	0.01	0.04	7.0
4.25	7.0	3.5	0.01	0.05	7.0
4.25	7.0	3.75	0.01	0.05	7.0
4.25	7.0	3.5	0.01	0.06	7.0
4.25	6.75	3.75	0.01	0.05	7.0
4.25	6.5	3.5	0.01	0.05	7.0
4.5	6.75	3.5	0.01	0.05	7.0
4.5	7.0	3.75	0.01	0.06	7.0
4.25	7.0	3.75	0.01	0.06	7.0
4.75	7.5	3.75	0.0	0.05	7.0
4.25	6.75	3.5	0.01	0.53	7.0
4.25	6.25	3.5	0.0	0.06	7.0
4.25	7.0	3.5	0.01	0.05	7.0
4.25	7.0	3.5	0.0	0.55	7.0
4.25	6.75	3.5	0.0	0.05	7.0
4.5	7.0	3.75	0.01	0.51	7.0
4.75	7.25	4.0	0.01	0.56	7.0
4.5	7.25	3.75	0.01	0.55	7.0
4.5	7.25	3.75	0.0	0.54	7.0
9.75	13.5	10.0	0.01	0.15	7.0
8.25	22.25	10.25	0.02	0.07	7.0
5.0	7.75	4.0	0.02	0.06	7.0
4.5	7.25	3.75	0.01	0.55	7.0
4.75	7.5	4.0	0.0	0.06	7.0
4.5	7.0	3.5	0.01	0.05	7.0
4.75	8.0	3.75	0.01	0.06	7.0
5.25	8.0	4.25	0.0	0.06	7.0
4.5	7.25	3.5	0.0	0.55	7.0
4.5	7.25	3.75	0.01	0.06	7.0
4.5	7.25	3.75	0.01	0.53	7.0
4.5	7.25	3.75	0.01	0.05	7.0
5.0	7.5	4.0	0.01	0.06	7.0
4.5	7.5	3.75	0.0	0.06	7.0
4.75	7.75	3.75	0.0	0.06	7.0
4.75	7.5	3.75	0.0	0.07	7.0
4.75	7.75	3.75	0.01	0.54	7.0
4.5	7.5	3.75	0.0	0.51	7.0
4.75	7.75	3.75	0.0	0.54	7.0
4.75	7.75	4.0	0.01	0.05	7.0
4.75	7.5	3.75	0.01	0.06	7.0
4.75	7.25	3.75	0.0	0.05	7.0
4.75	7.75	3.75	0.01	0.06	7.0
4.75	7.25	3.75	0.01	0.06	7.0
4.75	7.75	3.75	0.0	0.06	7.0
4.75	7.75	4.0	0.0	0.06	7.0
4.75	7.75	4.0	0.01	0.06	7.0
5.0	8.0	4.0	0.01	0.06	7.0
4.75	7.75	3.75	0.01	0.05	7.0
4.5	7.5	3.75	0.0	0.52	7.0
4.25	7.5	3.5	0.0	0.06	7.0
4.25	7.0	3.5	0.0	0.05	7.0
4.5	6.75	3.75	0.01	0.05	7.0
4.25	7.0	3.75	0.01	0.05	7.0
4.75	7.5	3.75	0.01	0.06	7.0
4.75	7.75	3.75	0.0	0.06	7.0
4.75	7.5	3.75	0.0	0.06	7.0
4.75	8.0	3.75	0.01	0.06	7.0
4.75	7.5	3.75	0.01	0.54	7.0
5.0	8.25	4.0	0.01	0.56	7.0
4.75	7.5	3.75	0.0	0.06	7.0
4.5	7.25	3.75	0.01	0.06	7.0
4.5	7.5	3.75	0.0	0.06	7.0
4.25	7.25	3.25	0.0	0.06	7.0
4.25	7.5	3.75	0.0	0.05	7.0
4.5	7.5	3.75	0.01	0.54	7.0
4.75	7.5	3.75	0.01	0.53	7.0
4.75	8.0	4.0	0.0	0.06	7.0
4.75	7.75	4.0	0.01	0.05	7.0
42.5	58.75	40.25	0.04	0.6	6.0
41.25	60.5	35.75	0.08	0.51	6.0
21.75	31.25	17.5	0.05	0.27	2.0
21.25	30.75	17.25	0.04	0.72	2.0
