180?/s	1500?/s?	56pi*mm/360?	50ms/snap
R	G	B	Ambient	RedMode	ID
13.0	37.0	8.75	0.02	0.16	7.0
12.25	36.5	8.25	0.04	0.15	1.0
12.25	35.75	8.25	0.03	0.16	1.0
12.75	37.0	8.25	0.04	0.16	1.0
12.75	37.75	8.0	0.04	0.16	1.0
12.75	37.75	8.0	0.04	0.16	1.0
12.75	38.5	7.75	0.04	0.6	1.0
13.5	39.0	8.5	0.04	0.16	1.0
13.25	38.75	8.25	0.03	0.16	1.0
13.5	38.5	8.5	0.04	0.17	1.0
13.75	38.5	8.75	0.04	0.17	1.0
13.25	37.5	8.75	0.04	0.16	1.0
13.5	38.75	9.0	0.04	0.17	1.0
13.5	38.0	8.25	0.03	0.17	13.0
12.75	35.25	8.0	0.04	0.17	1.0
13.5	38.25	8.75	0.04	0.17	13.0
13.5	38.5	8.75	0.04	0.16	1.0
13.25	38.25	8.25	0.04	0.61	1.0
13.25	38.0	8.25	0.03	0.16	1.0
12.25	37.25	7.75	0.03	0.64	1.0
12.5	36.75	7.75	0.03	0.16	1.0
12.75	37.25	8.5	0.04	0.16	1.0
12.5	36.0	7.75	0.04	0.15	1.0
11.75	35.5	7.5	0.03	0.15	1.0
11.75	35.75	7.75	0.03	0.14	1.0
12.25	36.25	8.0	0.03	0.15	1.0
12.0	35.75	8.0	0.03	0.15	1.0
12.25	36.5	8.0	0.04	0.16	1.0
12.5	36.75	8.0	0.03	0.16	1.0
12.5	36.75	8.0	0.03	0.15	1.0
12.5	37.25	7.75	0.03	0.16	1.0
12.5	37.25	7.75	0.03	0.16	1.0
12.5	36.75	8.0	0.03	0.64	1.0
12.5	36.5	8.0	0.03	0.16	1.0
12.75	37.25	8.0	0.04	0.16	1.0
12.0	36.0	7.75	0.03	0.15	1.0
11.75	36.0	7.75	0.03	0.16	1.0
12.25	35.75	7.75	0.03	0.64	1.0
12.5	37.25	8.0	0.03	0.15	1.0
13.0	37.5	8.25	0.04	0.16	1.0
12.75	37.75	8.25	0.03	0.61	1.0
12.5	37.5	8.0	0.03	0.16	1.0
13.25	38.75	8.25	0.03	0.17	1.0
12.75	37.5	7.75	0.03	0.17	1.0
13.25	38.25	8.25	0.03	0.16	1.0
12.75	37.25	8.0	0.03	0.16	1.0
12.75	37.5	8.0	0.03	0.16	1.0
12.75	37.0	8.5	0.03	0.16	1.0
13.25	35.5	8.5	0.03	0.17	7.0
13.5	37.0	8.75	0.03	0.61	7.0
12.75	36.5	8.25	0.03	0.17	1.0
13.0	37.25	8.25	0.03	0.16	1.0
12.25	36.25	7.75	0.03	0.16	1.0
13.0	37.5	8.25	0.03	0.64	1.0
12.5	36.5	8.0	0.03	0.16	1.0
12.5	36.5	8.25	0.03	0.63	1.0
12.5	36.0	8.0	0.03	0.16	1.0
12.5	36.0	8.0	0.03	0.16	1.0
12.5	36.0	8.0	0.03	0.15	1.0
12.25	35.25	8.0	0.03	0.16	1.0
13.0	37.25	8.5	0.02	0.16	1.0
13.25	37.0	8.75	0.03	0.64	1.0
12.5	36.75	8.25	0.03	0.16	1.0
12.75	37.25	8.25	0.03	0.16	1.0
13.25	38.0	8.0	0.02	0.18	13.0
13.75	38.25	8.25	0.02	0.18	13.0
12.5	36.75	8.25	0.03	0.16	1.0
13.0	37.0	8.25	0.02	0.16	1.0
12.25	36.25	8.25	0.03	0.15	1.0
12.5	37.0	8.0	0.03	0.16	1.0
12.0	35.75	7.75	0.02	0.15	1.0
12.25	36.25	8.0	0.03	0.15	1.0
12.25	36.5	8.0	0.03	0.61	1.0
12.0	36.25	7.75	0.03	0.62	1.0
12.25	36.75	8.25	0.03	0.16	1.0
12.25	37.0	7.75	0.03	0.16	1.0
12.75	37.5	8.25	0.03	0.16	1.0
12.75	37.5	8.25	0.02	0.16	1.0
13.0	37.25	8.25	0.02	0.16	1.0
12.75	38.0	8.25	0.03	0.16	1.0
13.0	37.25	8.0	0.03	0.16	1.0
12.25	36.0	7.5	0.02	0.16	1.0
12.5	36.75	8.0	0.03	0.15	1.0
12.0	31.75	7.75	0.03	0.15	7.0
12.5	32.75	8.25	0.02	0.16	7.0
13.25	38.25	8.5	0.03	0.16	1.0
13.25	38.0	8.5	0.03	0.16	1.0
12.5	37.0	8.0	0.03	0.16	1.0
12.75	37.75	8.25	0.03	0.16	1.0
12.25	36.75	7.75	0.02	0.61	1.0
12.75	37.0	8.5	0.03	0.16	1.0
12.75	37.25	8.5	0.02	0.62	1.0
13.5	39.25	8.75	0.02	0.61	1.0
12.75	37.25	8.0	0.03	0.16	1.0
12.5	36.25	8.25	0.02	0.16	1.0
13.25	37.25	8.75	0.03	0.16	7.0
13.5	37.75	8.5	0.02	0.62	7.0
12.25	35.25	8.0	0.02	0.16	1.0
13.0	36.75	8.5	0.03	0.16	7.0
12.75	37.5	8.25	0.02	0.6	1.0
13.0	37.25	8.5	0.03	0.63	1.0
13.25	37.25	8.5	0.03	0.16	1.0
13.0	38.0	8.5	0.02	0.63	1.0
13.25	38.0	8.25	0.02	0.17	1.0
13.0	38.25	8.25	0.03	0.17	1.0
13.5	39.0	8.75	0.03	0.17	1.0
13.0	37.75	8.25	0.03	0.17	1.0
13.0	37.75	8.25	0.02	0.62	1.0
12.75	37.5	8.25	0.02	0.16	1.0
12.5	37.0	8.0	0.03	0.16	1.0
12.25	36.5	7.75	0.02	0.16	1.0
13.0	37.75	8.25	0.02	0.17	1.0
13.0	38.25	8.5	0.02	0.16	1.0
13.25	37.75	8.75	0.03	0.16	1.0
12.75	37.25	8.25	0.03	0.15	1.0
12.75	37.5	8.25	0.03	0.16	1.0
13.25	38.75	8.5	0.02	0.17	1.0
13.0	38.0	8.5	0.03	0.65	1.0
13.25	38.5	8.5	0.03	0.17	1.0
13.0	38.75	8.25	0.02	0.64	1.0
12.75	38.0	8.25	0.02	0.16	1.0
6.0	11.0	1.25	0.02	0.51	-1.0
