180?/s	1500?/s?	56pi*mm/360?	50ms/snap
R	G	B	Ambient	RedMode	ID
7.0	9.5	4.75	0.01	0.58	7.0
7.25	9.25	5.0	0.01	0.09	7.0
7.75	9.25	4.75	0.01	0.08	7.0
6.5	8.25	4.25	0.01	0.08	7.0
5.75	7.75	4.0	0.01	0.09	7.0
8.0	8.75	4.25	0.01	0.11	7.0
7.75	8.5	3.75	0.01	0.08	7.0
7.5	8.25	3.75	0.01	0.57	7.0
8.0	8.75	4.0	0.01	0.09	7.0
8.25	9.0	4.25	0.01	0.57	7.0
6.75	8.0	3.75	0.01	0.08	7.0
8.5	9.5	4.5	0.02	0.11	7.0
7.25	8.75	4.25	0.01	0.09	7.0
8.25	9.5	4.75	0.01	0.58	7.0
8.75	9.75	4.5	0.01	0.11	7.0
8.25	9.25	4.75	0.01	0.57	7.0
6.75	8.25	4.0	0.01	0.09	7.0
8.25	9.5	4.5	0.01	0.11	7.0
7.25	9.25	4.25	0.01	0.09	7.0
6.0	7.5	4.0	0.01	0.56	7.0
8.0	9.25	4.75	0.01	0.59	7.0
6.5	8.25	4.25	0.01	0.08	7.0
6.75	8.0	4.0	0.01	0.09	7.0
6.25	7.5	3.75	0.01	0.08	7.0
7.0	8.5	4.25	0.01	0.57	7.0
5.5	6.75	3.25	0.01	0.07	7.0
8.0	8.75	4.0	0.01	0.08	7.0
6.25	7.25	3.75	0.01	0.09	7.0
6.25	8.0	3.5	0.01	0.08	7.0
6.0	7.75	3.25	0.01	0.57	7.0
7.0	8.0	4.0	0.01	0.09	7.0
7.5	8.25	4.0	0.01	0.09	7.0
4.25	5.75	3.0	0.0	0.06	7.0
8.25	9.0	4.25	0.01	0.1	7.0
6.25	7.5	3.75	0.01	0.08	7.0
5.25	6.5	3.25	0.01	0.06	7.0
8.5	8.75	4.25	0.01	0.1	7.0
6.0	7.25	3.25	0.01	0.07	7.0
8.0	8.5	4.0	0.01	0.56	7.0
9.5	9.75	4.25	0.01	0.11	7.0
5.75	7.25	3.5	0.0	0.07	7.0
8.25	9.25	4.25	0.01	0.09	7.0
7.75	9.25	5.0	0.01	0.11	7.0
6.75	8.5	4.25	0.01	0.56	7.0
7.25	8.5	4.5	0.01	0.08	7.0
7.5	8.25	4.0	0.01	0.1	7.0
7.25	8.25	4.25	0.01	0.11	7.0
9.5	9.75	4.75	0.01	0.12	7.0
8.0	9.75	5.0	0.01	0.59	7.0
8.75	10.75	5.25	0.01	0.1	7.0
6.25	7.75	4.0	0.01	0.54	7.0
6.0	7.75	4.0	0.01	0.56	7.0
6.5	8.0	4.0	0.01	0.08	7.0
8.5	9.25	4.25	0.01	0.09	7.0
6.25	7.75	4.0	0.0	0.09	7.0
6.5	8.75	4.75	0.01	0.08	7.0
6.0	8.25	4.5	0.0	0.08	7.0
6.75	7.75	3.5	0.0	0.08	7.0
4.75	6.0	3.0	0.01	0.05	7.0
8.25	8.5	4.0	0.0	0.1	7.0
9.75	9.75	4.5	0.01	0.11	7.0
5.25	6.5	3.5	0.01	0.07	7.0
4.5	6.25	3.5	0.01	0.51	7.0
4.75	6.5	3.25	0.01	0.07	7.0
6.25	7.5	3.75	0.0	0.07	7.0
7.0	8.0	3.75	0.0	0.08	7.0
4.75	6.25	3.5	0.0	0.07	7.0
8.0	8.75	4.5	0.01	0.1	7.0
6.0	7.25	4.0	0.01	0.08	7.0
6.0	7.5	4.0	0.0	0.06	7.0
6.25	7.75	4.25	0.0	0.08	7.0
6.5	8.5	4.25	0.0	0.09	7.0
6.0	8.0	4.0	0.01	0.07	7.0
6.5	8.25	4.25	0.01	0.08	7.0
6.25	7.5	4.25	0.01	0.54	7.0
5.25	7.25	4.0	0.0	0.06	7.0
5.0	7.25	4.0	0.0	0.06	7.0
4.75	6.5	3.75	0.01	0.55	7.0
5.5	7.0	3.5	0.01	0.06	7.0
5.25	7.0	4.0	0.0	0.06	7.0
5.75	7.75	4.5	0.0	0.07	7.0
5.0	7.5	4.0	0.01	0.06	7.0
5.25	7.0	4.0	0.0	0.56	7.0
5.0	6.75	3.75	0.0	0.07	7.0
7.25	8.5	4.25	0.01	0.57	7.0
6.25	7.5	4.25	0.01	0.08	7.0
5.75	7.0	4.0	0.0	0.52	7.0
4.75	6.25	3.5	0.0	0.07	7.0
4.5	6.25	3.5	0.0	0.54	7.0
6.0	8.0	4.5	0.0	0.07	7.0
5.25	7.5	4.25	0.0	0.06	7.0
5.75	8.0	4.25	0.0	0.08	7.0
5.5	7.5	4.0	0.0	0.07	7.0
6.0	8.0	4.0	0.0	0.07	7.0
6.0	8.0	4.25	0.0	0.07	7.0
5.5	7.5	4.0	0.01	0.06	7.0
5.75	7.5	4.25	0.0	0.07	7.0
6.0	7.5	4.5	0.0	0.58	7.0
7.25	8.75	4.25	0.0	0.08	7.0
6.25	7.75	4.25	0.0	0.08	7.0
6.25	8.0	4.25	0.0	0.08	7.0
5.75	7.25	4.25	0.0	0.07	7.0
5.5	7.25	3.75	0.01	0.56	7.0
8.25	9.5	4.75	0.01	0.09	7.0
6.0	7.75	4.25	0.0	0.07	7.0
6.5	8.0	4.25	0.0	0.08	7.0
6.25	8.5	4.25	0.0	0.09	7.0
6.25	8.0	4.25	0.0	0.54	7.0
6.5	8.5	4.75	0.0	0.55	7.0
6.5	8.25	4.5	0.0	0.53	7.0
6.75	9.0	5.25	0.0	0.56	7.0
7.25	9.0	5.0	0.01	0.1	7.0
4.75	6.25	3.0	0.0	0.07	7.0
6.5	8.5	4.75	0.0	0.08	7.0
5.25	7.25	4.25	0.0	0.07	7.0
5.25	7.25	4.0	0.0	0.06	7.0
6.0	8.25	4.5	0.0	0.55	7.0
5.0	6.5	3.5	0.0	0.06	7.0
6.25	8.0	4.25	0.0	0.08	7.0
6.0	7.75	4.25	0.0	0.09	7.0
5.75	7.75	4.25	0.0	0.56	7.0
5.75	7.25	4.5	0.0	0.08	7.0
4.75	5.5	1.0	0.01	0.02	7.0
0.25	0.5	0.0	0.01	0.0	-1.0
