180?/s	1500?/s?	56pi*mm/360?	50ms/snap
R	G	B	Ambient	RedMode	ID
5.25	7.5	4.0	0.0	0.54	7.0
6.0	8.75	4.5	0.01	0.08	7.0
6.0	8.5	4.5	0.01	0.07	7.0
6.0	8.5	4.75	0.01	0.08	7.0
7.25	9.25	5.25	0.01	0.1	7.0
9.75	10.5	4.5	0.01	0.09	7.0
6.75	7.75	4.0	0.01	0.09	7.0
9.25	11.0	5.0	0.02	0.11	7.0
7.25	9.25	4.5	0.01	0.1	7.0
7.0	9.25	4.75	0.01	0.09	7.0
8.5	10.75	5.25	0.01	0.11	7.0
8.5	10.75	5.5	0.01	0.11	7.0
9.25	11.0	5.25	0.02	0.57	7.0
8.75	10.25	4.75	0.01	0.1	7.0
8.75	10.75	5.25	0.01	0.11	7.0
7.25	8.75	4.5	0.01	0.1	7.0
7.75	8.75	4.5	0.01	0.1	7.0
7.75	9.0	4.5	0.01	0.1	7.0
5.75	7.5	4.0	0.01	0.07	7.0
8.25	9.5	4.75	0.01	0.55	7.0
6.5	8.0	4.0	0.01	0.1	7.0
6.75	7.5	3.75	0.01	0.07	7.0
6.0	7.25	3.5	0.01	0.06	7.0
6.75	7.75	3.5	0.01	0.07	7.0
6.0	6.75	3.75	0.01	0.09	7.0
5.75	7.0	3.75	0.01	0.08	7.0
6.75	8.0	4.0	0.01	0.08	7.0
6.5	7.75	4.0	0.01	0.08	7.0
7.25	8.0	4.0	0.01	0.08	7.0
8.0	8.5	4.25	0.01	0.08	7.0
5.0	6.75	3.5	0.01	0.51	7.0
7.75	8.25	4.0	0.01	0.58	7.0
7.25	8.25	4.0	0.02	0.56	7.0
6.5	8.0	4.0	0.01	0.52	7.0
6.5	7.75	4.0	0.01	0.09	7.0
7.5	9.0	4.25	0.01	0.08	7.0
6.5	7.75	4.0	0.01	0.57	7.0
7.5	9.0	4.5	0.01	0.09	7.0
6.25	8.0	4.0	0.01	0.08	7.0
8.5	9.5	4.5	0.01	0.54	7.0
7.0	8.0	4.0	0.01	0.09	7.0
6.25	7.5	3.5	0.01	0.53	7.0
6.0	7.0	3.5	0.01	0.08	7.0
6.5	7.5	4.0	0.01	0.09	7.0
6.25	7.75	4.0	0.01	0.08	7.0
8.0	8.75	4.5	0.01	0.57	7.0
7.5	8.5	4.5	0.01	0.09	7.0
6.75	8.25	3.5	0.01	0.08	7.0
6.5	8.5	4.5	0.0	0.55	7.0
6.5	8.0	4.25	0.01	0.07	7.0
5.75	7.25	3.75	0.01	0.07	7.0
7.25	8.25	4.25	0.01	0.1	7.0
6.75	8.25	3.75	0.01	0.08	7.0
7.5	8.5	4.25	0.01	0.08	7.0
5.5	7.25	3.75	0.01	0.07	7.0
7.0	8.0	4.25	0.0	0.53	7.0
5.0	6.25	3.25	0.0	0.05	7.0
7.75	8.0	4.0	0.01	0.11	7.0
10.0	10.25	4.5	0.01	0.61	7.0
5.75	7.25	3.75	0.01	0.54	7.0
5.25	7.5	3.75	0.0	0.06	7.0
5.5	7.5	4.0	0.0	0.07	7.0
6.5	8.5	4.5	0.01	0.08	7.0
7.25	8.75	4.75	0.0	0.54	7.0
5.25	7.5	4.25	0.0	0.07	7.0
6.25	8.25	4.5	0.0	0.56	7.0
7.0	9.0	4.75	0.0	0.08	7.0
6.0	8.0	4.25	0.0	0.07	7.0
5.5	8.0	4.25	0.0	0.07	7.0
6.0	8.5	4.5	0.0	0.08	7.0
5.5	7.25	4.25	0.01	0.54	7.0
6.0	7.5	3.75	0.01	0.07	7.0
4.75	6.0	3.25	0.0	0.07	7.0
5.25	6.5	3.5	0.0	0.07	7.0
5.25	6.5	3.5	0.01	0.06	7.0
4.75	7.0	4.0	0.01	0.53	7.0
4.75	6.5	3.5	0.0	0.53	7.0
4.5	6.5	3.75	0.01	0.06	7.0
5.25	6.75	4.0	0.0	0.07	7.0
5.0	6.25	3.5	0.01	0.51	7.0
4.0	5.5	3.0	0.01	0.05	7.0
4.25	5.75	3.0	0.0	0.06	7.0
5.0	6.5	3.75	0.0	0.06	7.0
4.25	6.0	3.25	0.0	0.52	7.0
5.75	8.25	5.0	0.01	0.07	7.0
8.0	11.0	6.25	0.01	0.57	7.0
10.0	14.0	8.25	0.02	0.13	7.0
12.0	15.75	8.5	0.01	0.15	7.0
10.25	8.75	4.0	0.01	0.6	7.0
8.0	6.5	3.75	0.01	0.09	7.0
5.5	7.0	4.0	0.0	0.06	7.0
5.25	7.0	3.75	0.01	0.56	7.0
5.0	6.75	3.5	0.0	0.56	7.0
4.75	6.25	3.25	0.0	0.51	7.0
4.25	5.75	3.5	0.0	0.06	7.0
5.0	7.0	3.75	0.0	0.06	7.0
6.0	7.0	4.0	0.01	0.07	7.0
6.0	7.5	4.25	0.0	0.07	7.0
6.0	7.5	4.5	0.0	0.09	7.0
10.25	14.25	8.75	0.01	0.14	7.0
12.75	17.5	10.25	0.01	0.17	13.0
17.5	23.75	13.75	0.02	0.22	2.0
21.0	28.75	16.0	0.02	0.26	2.0
22.25	30.25	17.25	0.02	0.29	2.0
22.75	30.75	17.25	0.03	0.29	2.0
23.0	31.5	17.75	0.03	0.29	2.0
23.0	31.75	18.0	0.03	0.29	2.0
-4152.75	6059.0	-3862.75	0.03	0.73	2.0
23.25	31.5	17.5	0.03	0.29	2.0
24.0	32.25	17.75	0.03	0.3	2.0
23.25	31.25	17.25	0.03	0.28	2.0
23.25	31.5	18.0	0.03	0.3	2.0
24.0	32.25	17.75	0.02	0.3	2.0
24.25	32.5	18.0	0.03	0.31	2.0
24.0	32.5	17.75	0.03	0.31	2.0
