180?/s	1500?/s?	56pi*mm/360?	50ms/snap
R	G	B	Ambient	RedMode	ID
50.25	72.75	42.75	0.02	0.65	6.0
52.75	75.0	42.75	0.09	0.68	6.0
55.75	80.5	45.25	0.11	0.71	6.0
54.75	79.25	45.5	0.11	0.69	6.0
56.0	81.25	46.0	0.11	0.71	6.0
56.25	81.0	46.0	0.11	0.72	6.0
55.75	80.5	45.75	0.11	0.72	6.0
55.25	79.75	45.75	0.11	0.71	6.0
54.5	79.0	45.25	0.11	0.7	6.0
57.0	82.25	47.25	0.11	0.73	6.0
56.0	80.75	46.25	0.11	0.72	6.0
59.0	84.0	47.5	0.11	0.76	6.0
59.75	84.75	47.75	0.12	0.77	6.0
59.0	82.75	46.5	0.11	0.73	6.0
56.75	82.5	48.5	0.11	0.73	6.0
60.25	84.75	48.25	0.11	0.78	6.0
61.0	86.75	49.5	0.12	0.78	6.0
59.25	85.0	48.0	0.12	0.76	6.0
58.5	83.0	47.0	0.11	0.74	6.0
57.25	83.0	48.0	0.11	0.73	6.0
56.75	82.5	47.0	0.11	1.0	6.0
56.0	80.75	46.25	0.12	1.0	6.0
53.75	78.0	44.0	0.11	0.68	6.0
51.75	76.0	43.25	0.11	0.66	6.0
50.25	74.25	42.5	0.11	0.65	6.0
54.0	78.25	44.5	0.11	0.7	6.0
53.5	77.75	44.0	0.11	0.68	6.0
54.0	79.25	45.25	0.1	0.69	6.0
52.75	77.5	44.5	0.11	0.68	6.0
54.0	79.25	45.5	0.1	1.0	6.0
53.25	78.25	45.5	0.1	0.68	6.0
52.75	77.25	44.5	0.1	0.68	6.0
54.25	78.5	45.0	0.11	0.7	6.0
55.25	78.75	45.0	0.11	0.71	6.0
56.5	79.25	45.0	0.11	0.72	6.0
56.0	78.25	44.0	0.11	0.72	6.0
57.0	80.75	45.75	0.11	1.0	6.0
58.25	83.25	47.0	0.1	0.75	6.0
58.0	82.25	46.25	0.11	0.73	6.0
57.75	81.5	46.75	0.11	1.0	6.0
57.25	82.25	47.0	0.11	1.0	6.0
58.5	84.25	48.0	0.1	0.73	6.0
55.25	77.75	44.5	0.09	0.7	6.0
56.25	79.5	45.25	0.1	0.72	6.0
54.25	77.5	44.0	0.11	0.72	6.0
57.25	81.0	46.0	0.1	0.74	6.0
59.75	83.5	46.75	0.11	0.75	6.0
56.0	79.75	44.5	0.09	0.67	6.0
56.0	80.75	44.5	0.08	0.72	6.0
55.0	80.25	45.75	0.1	0.7	6.0
52.75	77.25	44.5	0.1	1.0	6.0
51.75	76.25	44.5	0.1	0.66	6.0
52.0	77.0	44.25	0.1	0.67	6.0
50.75	75.0	44.0	0.09	0.64	6.0
50.25	74.25	43.5	0.1	0.64	6.0
50.75	74.75	43.5	0.08	0.65	6.0
51.0	75.5	44.0	0.09	0.65	6.0
50.75	74.75	43.5	0.09	0.66	6.0
50.75	75.25	43.5	0.1	1.0	6.0
51.5	76.5	44.25	0.09	0.66	6.0
51.75	76.75	44.5	0.08	0.66	6.0
50.5	74.75	44.0	0.1	0.65	6.0
49.75	74.0	43.0	0.1	0.64	6.0
48.75	72.5	42.5	0.09	0.62	6.0
50.25	74.5	43.25	0.1	0.65	6.0
49.0	72.75	42.5	0.1	0.63	6.0
47.5	70.25	41.25	0.09	0.61	6.0
48.5	72.5	42.5	0.09	0.64	6.0
51.0	74.75	43.25	0.08	0.66	6.0
52.0	76.75	44.25	0.09	0.66	6.0
53.0	78.0	44.75	0.09	0.68	6.0
52.0	76.5	43.5	0.09	0.66	6.0
53.25	78.25	44.75	0.09	1.0	6.0
54.5	80.0	45.25	0.09	0.69	6.0
54.25	79.25	45.0	0.1	0.7	6.0
54.5	79.75	45.75	0.08	1.0	6.0
53.25	78.25	44.5	0.09	0.68	6.0
48.75	72.75	42.25	0.09	0.64	6.0
50.0	74.25	42.5	0.09	0.63	6.0
50.5	74.75	43.75	0.09	0.65	6.0
50.75	74.75	43.75	0.08	0.65	6.0
50.25	74.5	43.25	0.08	0.65	6.0
51.25	76.25	44.5	0.09	0.67	6.0
52.75	77.25	44.0	0.09	0.69	6.0
54.0	77.75	44.75	0.09	1.0	6.0
53.25	76.5	43.0	0.09	1.0	6.0
54.0	79.25	45.25	0.09	0.68	6.0
54.0	78.75	44.75	0.1	0.67	6.0
53.0	77.25	44.25	0.09	0.66	6.0
52.0	74.75	43.25	0.08	1.0	6.0
53.0	76.0	43.0	0.07	0.67	6.0
50.75	73.75	42.75	0.09	0.65	6.0
52.0	76.0	43.75	0.08	0.68	6.0
52.75	77.25	43.75	0.09	0.65	6.0
50.75	74.25	42.5	0.09	1.0	6.0
53.75	78.25	45.0	0.09	0.71	6.0
57.25	83.5	47.5	0.09	0.74	6.0
58.0	84.25	48.0	0.09	0.74	6.0
57.0	83.25	47.25	0.09	1.0	6.0
56.25	83.25	47.75	0.09	0.71	6.0
55.0	81.0	47.5	0.08	0.7	6.0
51.25	76.25	45.5	0.09	0.66	6.0
54.0	80.0	47.5	0.08	0.7	6.0
54.0	79.5	47.5	0.1	0.7	6.0
55.0	80.5	47.75	0.09	0.7	6.0
54.5	79.75	46.5	0.08	0.71	6.0
56.5	83.25	48.5	0.08	0.73	6.0
55.5	81.5	47.25	0.09	0.71	6.0
55.25	81.5	47.25	0.08	1.0	6.0
56.25	82.25	48.0	0.09	0.72	6.0
57.0	84.25	48.75	0.09	0.73	6.0
54.25	80.75	47.5	0.08	0.71	6.0
57.75	85.0	49.25	0.08	0.74	6.0
56.75	82.5	48.0	0.08	0.73	6.0
57.0	83.25	48.25	0.08	0.72	6.0
56.5	81.75	46.25	0.08	0.72	6.0
56.0	80.75	46.75	0.08	0.69	6.0
52.0	76.0	44.5	0.07	1.0	6.0
53.25	77.75	45.75	0.08	0.69	6.0
53.5	77.75	44.75	0.08	0.69	6.0
52.75	75.75	42.75	0.07	1.0	6.0
2.0	5.0	0.5	0.06	0.01	-1.0
