180?/s	1500?/s?	56pi*mm/360?	50ms/snap
R	G	B	Ambient	RedMode	ID
7.25	9.5	5.0	0.01	0.55	7.0
6.0	7.5	4.0	0.01	0.08	7.0
5.75	7.75	3.75	0.01	0.07	7.0
6.0	7.5	3.75	0.01	0.07	7.0
6.0	7.5	3.75	0.01	0.1	7.0
8.75	9.5	4.25	0.02	0.1	7.0
6.25	7.5	3.75	0.01	0.08	7.0
7.5	8.25	3.75	0.01	0.09	7.0
6.75	7.75	3.5	0.01	0.56	7.0
8.5	9.25	4.25	0.01	0.1	7.0
7.25	8.5	4.25	0.01	0.1	7.0
8.25	9.0	4.0	0.01	0.08	7.0
7.75	8.75	4.5	0.01	0.1	7.0
7.75	9.5	4.0	0.01	0.1	7.0
7.5	9.0	4.0	0.01	0.08	7.0
8.0	9.0	4.25	0.01	0.09	7.0
7.75	8.5	4.0	0.01	0.1	7.0
8.25	9.25	4.5	0.01	0.56	7.0
7.75	8.75	4.25	0.01	0.58	7.0
6.0	7.25	3.75	0.01	0.07	7.0
7.75	9.0	4.25	0.01	0.09	7.0
6.5	8.0	4.25	0.01	0.1	7.0
7.25	9.0	4.75	0.01	0.08	7.0
7.0	9.0	4.75	0.01	0.55	7.0
7.25	9.0	4.25	0.01	0.08	7.0
8.75	10.0	5.25	0.01	0.11	7.0
6.5	7.75	3.5	0.01	0.08	7.0
6.25	7.25	3.5	0.01	0.08	7.0
8.25	9.0	4.5	0.01	0.1	7.0
7.75	8.25	4.25	0.01	0.09	7.0
8.0	8.5	4.25	0.01	0.08	7.0
6.0	8.0	3.5	0.01	0.06	7.0
8.0	8.5	4.25	0.01	0.11	7.0
8.25	9.5	4.5	0.01	0.09	7.0
7.25	8.5	4.25	0.01	0.08	7.0
7.25	8.0	4.0	0.01	0.1	7.0
8.0	9.0	4.0	0.01	0.09	7.0
7.5	8.25	4.0	0.01	0.1	7.0
8.5	9.5	5.0	0.01	0.09	7.0
6.75	9.5	5.0	0.01	0.08	7.0
6.5	8.75	4.5	0.01	0.09	7.0
7.25	9.25	5.0	0.01	0.09	7.0
7.5	9.0	4.75	0.0	0.09	7.0
7.25	8.75	4.5	0.01	0.55	7.0
6.75	8.0	4.0	0.01	0.08	7.0
8.25	9.0	4.0	0.01	0.09	7.0
8.75	9.5	4.5	0.01	0.1	7.0
7.5	9.0	4.25	0.01	0.09	7.0
8.0	9.25	4.75	0.01	0.55	7.0
7.5	10.0	5.5	0.01	0.57	7.0
7.75	9.75	5.0	0.01	0.09	7.0
6.25	8.5	4.75	0.01	0.08	7.0
6.75	9.0	4.75	0.01	0.54	7.0
7.25	9.0	4.75	0.01	0.08	7.0
6.75	9.0	5.0	0.01	0.1	7.0
6.75	9.5	5.0	0.01	0.09	7.0
7.0	9.0	5.25	0.01	0.08	7.0
5.75	7.75	4.5	0.0	0.07	7.0
6.0	7.75	4.5	0.01	0.08	7.0
8.5	10.25	5.25	0.01	0.12	7.0
6.75	9.0	4.75	0.01	0.53	7.0
6.0	8.25	4.5	0.01	0.07	7.0
6.0	8.75	5.0	0.01	0.08	7.0
6.0	8.75	5.0	0.0	0.08	7.0
7.0	10.0	5.75	0.01	0.09	7.0
7.0	10.25	5.75	0.01	0.58	7.0
8.0	11.5	6.5	0.01	0.1	7.0
8.0	11.5	6.5	0.01	0.57	7.0
8.25	12.25	7.0	0.01	0.12	7.0
10.0	14.25	7.75	0.01	0.13	7.0
10.5	15.25	8.25	0.01	0.14	7.0
11.75	16.5	9.25	0.02	0.62	7.0
14.25	19.75	11.0	0.02	0.67	2.0
17.25	24.0	13.5	0.02	0.23	2.0
19.0	26.75	14.5	0.02	0.65	13.0
20.0	28.25	15.0	0.02	0.26	2.0
16.25	22.75	12.5	0.02	0.64	7.0
6.5	9.0	5.25	0.01	0.08	7.0
5.0	6.25	3.25	0.01	0.51	7.0
5.25	6.75	4.0	0.01	0.07	7.0
5.5	7.5	4.5	0.01	0.55	7.0
5.0	7.25	4.25	0.01	0.06	7.0
5.0	7.25	4.25	0.01	0.06	7.0
5.5	7.75	4.5	0.01	0.53	7.0
7.25	8.75	4.75	0.01	0.08	7.0
6.25	7.25	4.5	0.01	0.56	7.0
6.0	8.25	4.75	0.01	0.08	7.0
5.25	7.25	4.25	0.0	0.54	7.0
5.0	7.25	4.25	0.01	0.06	7.0
5.0	7.25	4.25	0.0	0.06	7.0
5.0	7.25	4.0	0.01	0.06	7.0
5.5	7.25	4.25	0.01	0.07	7.0
5.5	7.5	4.5	0.01	0.07	7.0
5.5	7.75	4.5	0.01	0.07	7.0
5.5	7.75	4.5	0.0	0.07	7.0
5.5	7.75	4.5	0.01	0.55	7.0
5.5	7.75	4.5	0.01	0.06	7.0
5.25	7.25	4.25	0.01	0.06	7.0
6.25	8.0	4.5	0.0	0.08	7.0
7.25	8.25	4.0	0.01	0.07	7.0
6.0	8.0	4.5	0.01	0.57	7.0
5.75	7.5	4.25	0.0	0.07	7.0
5.75	7.75	4.5	0.01	0.07	7.0
5.25	7.5	4.25	0.01	0.52	7.0
6.0	8.5	4.75	0.0	0.08	7.0
6.0	8.75	4.75	0.0	0.08	7.0
6.5	8.75	5.0	0.0	0.55	7.0
6.75	8.75	4.75	0.0	0.08	7.0
6.25	8.25	4.25	0.01	0.07	7.0
6.0	7.75	4.25	0.0	0.07	7.0
6.0	7.75	4.25	0.0	0.57	7.0
6.0	7.75	4.0	0.0	0.07	7.0
6.5	8.75	5.0	0.0	0.08	7.0
5.25	6.75	3.25	0.0	0.06	7.0
6.0	8.0	4.0	0.0	0.07	7.0
5.5	7.5	4.25	0.0	0.55	7.0
5.75	8.5	4.5	0.0	0.54	7.0
5.25	7.5	4.25	0.0	0.07	7.0
6.25	8.25	4.5	0.0	0.08	7.0
5.0	6.5	3.5	0.0	0.06	7.0
5.75	7.75	3.75	0.0	0.07	7.0
7.0	8.5	4.75	0.0	0.09	7.0
5.5	7.5	3.75	0.0	0.06	7.0
6.75	7.5	4.25	0.01	0.09	7.0
1.5	3.0	0.25	0.01	0.49	-1.0
