180?/s	1500?/s?	56pi*mm/360?	50ms/snap
R	G	B	Ambient	RedMode	ID
12.0	35.0	8.25	0.02	0.15	1.0
12.0	35.5	7.75	0.06	0.15	1.0
11.0	33.0	7.25	0.06	0.14	1.0
11.25	33.0	7.5	0.06	0.14	1.0
11.5	34.0	7.25	0.06	0.15	1.0
11.25	34.0	7.25	0.06	0.62	1.0
11.75	35.5	7.5	0.06	0.15	1.0
12.0	35.25	7.75	0.05	0.15	1.0
11.25	34.5	7.25	0.06	0.14	1.0
11.5	34.5	7.5	0.06	0.14	1.0
11.5	34.5	7.5	0.06	0.62	1.0
12.0	34.75	7.75	0.06	0.15	1.0
11.5	33.5	7.25	0.05	0.61	1.0
12.75	36.5	8.25	0.06	0.15	1.0
12.5	35.0	7.5	0.05	0.62	7.0
12.0	33.5	7.25	0.05	0.16	1.0
12.0	34.75	7.75	0.05	0.15	1.0
12.0	35.0	7.75	0.06	0.15	1.0
11.75	35.25	7.5	0.05	0.15	1.0
12.0	35.0	7.75	0.05	0.63	1.0
12.0	35.75	7.75	0.05	0.14	1.0
11.25	33.75	7.25	0.05	0.14	1.0
12.0	35.75	7.5	0.04	0.15	1.0
11.25	33.5	7.25	0.05	0.14	1.0
11.25	34.25	7.25	0.05	0.14	1.0
11.5	34.75	7.25	0.05	0.14	1.0
12.25	36.5	7.75	0.05	0.15	1.0
11.75	35.75	7.5	0.05	0.15	1.0
11.75	36.0	7.5	0.05	0.16	1.0
12.5	36.5	7.75	0.05	0.16	1.0
11.75	36.0	7.5	0.05	0.61	1.0
11.5	35.0	7.25	0.05	0.15	1.0
11.75	35.5	7.25	0.05	0.6	1.0
11.5	35.0	7.0	0.05	0.6	1.0
11.75	35.25	7.25	0.05	0.15	1.0
12.0	36.0	7.5	0.05	0.63	1.0
12.0	36.0	7.5	0.05	0.59	1.0
12.25	36.75	7.5	0.05	0.16	1.0
11.75	35.0	7.5	0.04	0.59	1.0
12.0	36.5	7.5	0.04	0.15	1.0
12.5	37.25	7.5	0.05	0.15	1.0
12.25	36.25	7.5	0.04	0.16	1.0
12.25	37.0	7.75	0.04	0.16	1.0
12.25	37.25	7.5	0.05	0.15	1.0
12.25	36.5	7.5	0.04	0.16	1.0
12.5	36.75	7.5	0.04	0.15	1.0
11.5	35.0	7.25	0.04	0.15	1.0
12.25	36.25	7.5	0.04	0.15	1.0
12.25	36.25	7.75	0.04	0.61	1.0
12.75	36.25	7.75	0.04	0.15	1.0
12.25	34.5	7.25	0.03	0.16	7.0
12.0	35.5	7.5	0.04	0.15	1.0
12.25	35.75	7.75	0.04	0.6	1.0
12.5	36.5	7.75	0.04	0.15	1.0
12.0	36.5	7.5	0.04	0.15	1.0
12.25	36.75	7.75	0.04	0.15	1.0
12.25	36.25	8.0	0.04	0.16	1.0
12.0	35.5	7.75	0.04	0.16	1.0
12.25	35.75	8.0	0.04	0.15	1.0
12.25	35.5	7.75	0.04	0.15	1.0
12.25	35.0	8.0	0.03	0.63	1.0
12.0	35.5	7.5	0.04	0.16	1.0
12.75	36.5	8.25	0.04	0.6	1.0
12.25	35.5	7.75	0.04	0.16	1.0
12.5	36.5	7.75	0.04	0.15	1.0
12.5	36.5	8.0	0.03	0.16	1.0
12.25	36.25	8.0	0.04	0.15	1.0
12.25	36.0	7.75	0.04	0.64	1.0
12.0	36.25	7.5	0.04	0.59	1.0
12.75	36.0	7.75	0.04	0.15	1.0
12.0	36.25	7.75	0.04	0.15	1.0
13.25	38.75	8.25	0.04	0.16	1.0
13.0	38.5	8.0	0.04	0.62	1.0
11.75	35.5	7.75	0.03	0.15	1.0
12.0	36.25	7.75	0.03	0.16	1.0
12.0	36.0	7.75	0.04	0.15	1.0
11.75	35.25	7.5	0.03	0.15	1.0
12.0	36.75	7.75	0.03	0.16	1.0
12.0	36.0	7.75	0.04	0.6	1.0
11.75	36.0	7.25	0.03	0.15	1.0
12.0	35.75	7.75	0.04	0.14	1.0
12.5	36.75	8.0	0.03	0.15	1.0
12.25	36.75	7.75	0.04	0.6	1.0
12.0	36.0	7.5	0.03	0.15	1.0
11.75	35.25	7.25	0.03	0.15	1.0
12.5	36.5	7.75	0.04	0.16	13.0
12.75	33.25	7.5	0.03	0.16	7.0
13.25	37.0	8.0	0.03	0.16	1.0
12.75	37.75	8.0	0.03	0.16	1.0
12.75	38.0	7.75	0.03	0.63	1.0
12.5	37.5	7.75	0.03	0.15	1.0
12.25	37.0	7.75	0.04	0.15	1.0
12.5	37.25	7.75	0.03	0.15	1.0
13.0	38.25	8.0	0.03	0.62	1.0
13.25	39.25	8.0	0.04	0.16	1.0
12.75	38.5	7.75	0.03	0.16	1.0
12.5	37.75	7.75	0.03	0.16	1.0
12.5	38.0	7.75	0.03	0.16	1.0
12.5	38.0	7.75	0.03	0.16	1.0
12.25	37.0	7.75	0.03	0.62	1.0
12.5	37.25	7.75	0.03	0.16	1.0
12.25	35.5	8.0	0.03	0.15	1.0
11.75	34.25	7.5	0.03	0.15	1.0
11.5	33.25	7.5	0.03	0.15	1.0
11.75	33.75	7.75	0.03	0.15	1.0
11.75	34.5	7.75	0.03	0.15	1.0
12.25	35.75	8.0	0.03	0.6	1.0
12.5	36.5	7.75	0.03	0.16	1.0
11.75	34.5	7.25	0.03	0.15	1.0
12.25	35.75	7.75	0.03	0.64	1.0
12.25	35.25	7.75	0.03	0.16	1.0
12.25	35.5	7.75	0.03	0.6	1.0
11.75	35.25	7.25	0.03	0.63	1.0
12.0	35.5	7.5	0.03	0.6	1.0
12.25	36.0	7.75	0.03	0.61	1.0
12.5	36.5	7.75	0.03	0.15	1.0
12.5	36.5	8.0	0.03	0.15	1.0
12.25	36.25	8.0	0.03	0.15	1.0
12.25	36.5	7.5	0.03	0.15	1.0
12.25	37.0	7.75	0.03	0.6	1.0
12.25	36.5	8.0	0.03	0.15	1.0
12.5	36.25	8.0	0.03	0.15	1.0
12.0	36.5	7.75	0.03	0.16	1.0
11.5	30.75	7.25	0.03	0.55	7.0
