180?/s	1500?/s?	56pi*mm/360?	50ms/snap
R	G	B	Ambient	RedMode	ID
19.75	28.25	16.0	0.03	0.25	2.0
44.25	57.0	9.75	0.07	0.57	3.0
44.25	57.0	9.5	0.09	1.0	3.0
44.5	57.75	9.75	0.09	0.57	3.0
43.25	56.0	10.0	0.08	0.55	3.0
43.75	57.0	10.0	0.08	0.96	3.0
44.5	58.25	10.25	0.09	1.0	3.0
43.5	57.0	9.75	0.08	0.56	3.0
43.25	56.25	10.0	0.08	0.54	3.0
41.75	54.75	9.75	0.08	0.54	3.0
41.75	54.75	9.75	0.08	0.52	3.0
41.0	53.25	9.5	0.07	0.52	3.0
44.0	57.0	9.5	0.08	0.97	3.0
46.25	58.5	10.25	0.08	0.59	3.0
46.5	59.25	10.25	0.09	0.59	3.0
44.5	58.0	10.0	0.08	0.57	3.0
46.0	59.5	10.0	0.09	0.58	3.0
47.25	61.0	10.5	0.09	0.59	3.0
45.0	58.5	10.0	0.09	0.57	3.0
44.75	57.75	9.5	0.08	0.57	3.0
44.75	57.5	9.5	0.08	0.57	3.0
43.75	56.0	9.5	0.08	0.58	3.0
46.25	58.75	9.75	0.09	0.59	3.0
46.0	58.0	9.75	0.09	0.99	3.0
47.5	60.25	10.25	0.09	0.6	3.0
44.5	56.75	9.75	0.09	0.96	3.0
43.25	56.5	9.75	0.09	0.96	3.0
44.25	57.0	10.0	0.09	0.56	3.0
42.75	55.25	9.5	0.09	0.54	3.0
43.25	56.0	9.5	0.09	0.55	3.0
44.5	57.75	9.75	0.1	0.56	3.0
44.0	56.75	9.5	0.09	0.57	3.0
44.5	57.25	9.5	0.09	0.55	3.0
45.0	57.5	9.75	0.08	0.58	3.0
44.25	56.25	9.5	0.09	0.57	3.0
42.25	54.0	9.75	0.09	0.53	3.0
43.5	55.75	9.75	0.09	0.57	3.0
42.5	55.0	9.25	0.09	0.54	3.0
42.5	54.75	9.0	0.09	0.55	3.0
12.75	34.75	7.5	0.05	0.15	7.0
44.25	56.25	10.25	0.06	0.57	3.0
44.25	57.0	10.0	0.09	0.56	3.0
46.5	59.5	10.0	0.09	0.59	3.0
46.0	58.5	10.25	0.08	0.58	3.0
45.75	58.25	10.25	0.09	0.59	3.0
47.75	60.5	10.0	0.1	0.61	3.0
46.5	59.0	10.0	0.09	0.58	3.0
42.75	54.75	9.5	0.1	0.53	3.0
44.75	57.25	10.0	0.09	0.58	3.0
45.75	59.0	10.25	0.09	0.58	3.0
43.5	56.25	9.75	0.09	0.56	3.0
44.25	57.75	10.0	0.09	0.57	3.0
42.75	55.75	10.0	0.09	0.94	3.0
42.0	55.0	10.0	0.08	0.54	3.0
42.25	55.25	9.75	0.09	0.96	3.0
44.5	57.75	10.25	0.09	0.58	3.0
44.75	57.5	10.0	0.09	0.57	3.0
44.5	56.75	9.75	0.09	0.56	3.0
43.0	55.0	9.5	0.09	0.55	3.0
43.25	54.5	9.75	0.09	0.98	3.0
42.75	53.75	9.5	0.09	0.55	3.0
44.25	56.0	9.75	0.1	0.97	3.0
45.25	56.75	9.75	0.1	0.58	3.0
49.0	62.25	9.75	0.11	0.62	3.0
46.75	59.25	10.25	0.11	0.58	3.0
45.25	58.0	9.75	0.1	1.0	3.0
46.75	59.75	10.25	0.1	0.59	3.0
46.0	58.75	10.0	0.1	0.59	3.0
45.25	58.5	10.5	0.1	0.57	3.0
41.0	52.75	9.0	0.1	0.53	3.0
42.0	54.5	9.75	0.1	0.54	3.0
43.0	55.5	9.75	0.09	0.53	3.0
41.75	54.75	9.25	0.1	0.53	3.0
41.75	54.75	9.25	0.09	0.94	3.0
41.0	53.75	9.75	0.1	0.52	3.0
41.0	54.0	9.5	0.1	0.52	3.0
43.5	56.75	10.25	0.1	0.97	3.0
43.75	57.5	10.25	0.1	0.56	3.0
43.25	56.75	10.25	0.1	0.56	3.0
44.0	57.0	10.25	0.1	0.57	3.0
43.5	57.25	10.0	0.1	0.56	3.0
40.0	53.25	9.25	0.1	0.42	13.0
6.25	9.0	5.25	0.05	0.58	7.0
10.75	11.0	6.0	0.03	0.28	3.0
35.0	44.25	8.75	0.05	0.44	3.0
33.25	42.25	8.5	0.1	0.44	3.0
35.75	45.5	8.75	0.11	0.46	3.0
38.0	48.0	9.25	0.11	0.89	3.0
37.75	48.25	9.25	0.1	0.48	3.0
38.5	49.25	9.25	0.11	0.5	3.0
38.75	50.0	9.0	0.1	0.5	3.0
53.0	66.25	10.75	0.09	0.68	3.0
53.0	66.5	11.0	0.09	0.68	3.0
54.5	68.5	10.75	0.09	0.7	3.0
53.75	67.25	10.75	0.1	0.69	3.0
56.0	69.5	11.0	0.09	0.72	3.0
55.25	69.25	11.0	0.1	0.7	3.0
54.25	68.75	11.0	0.09	0.7	3.0
53.0	67.5	11.0	0.09	1.0	3.0
48.0	61.5	10.5	0.1	0.57	3.0
42.0	55.25	10.25	0.1	0.54	3.0
45.0	59.25	11.0	0.1	0.58	3.0
44.75	58.5	10.5	0.09	0.58	3.0
45.75	59.0	10.75	0.1	0.58	3.0
43.75	56.5	9.75	0.1	0.55	3.0
44.5	57.75	10.5	0.1	0.57	3.0
43.5	56.5	10.0	0.1	0.57	3.0
43.5	56.75	10.5	0.11	0.55	3.0
41.75	54.75	9.75	0.11	0.97	3.0
44.25	57.25	10.25	0.11	0.57	3.0
44.5	57.5	10.25	0.11	0.57	3.0
43.0	55.0	9.5	0.11	0.96	3.0
41.75	53.75	9.75	0.11	0.54	3.0
42.25	54.25	9.75	0.11	0.55	3.0
42.0	53.5	9.5	0.11	0.54	3.0
43.25	55.0	9.75	0.11	0.56	3.0
44.75	57.0	10.0	0.11	0.55	3.0
44.25	56.75	9.75	0.11	0.57	3.0
45.25	58.0	10.25	0.11	0.58	3.0
45.5	58.75	10.25	0.11	0.57	3.0
43.25	55.25	9.75	0.11	0.56	3.0
43.5	56.25	9.75	0.11	0.98	3.0
43.25	55.5	10.0	0.11	0.55	3.0
42.75	55.0	9.75	0.11	0.54	3.0
41.25	53.5	9.25	0.12	0.52	3.0
42.0	53.75	9.75	0.12	0.54	3.0
10.0	33.0	19.25	0.11	0.1	2.0
23.25	39.25	11.75	0.08	0.91	3.0
40.75	53.0	9.5	0.09	0.52	3.0
41.0	53.5	9.25	0.12	0.52	3.0
42.5	54.75	9.5	0.12	0.53	3.0
43.5	55.25	10.0	0.12	0.97	3.0
42.5	54.75	9.5	0.12	0.55	3.0
42.75	55.75	9.25	0.12	0.96	3.0
41.0	53.25	9.5	0.12	0.51	3.0
41.5	53.5	9.25	0.12	0.95	3.0
44.0	56.5	9.5	0.12	0.56	3.0
44.25	57.25	10.0	0.12	0.56	3.0
45.0	58.5	10.0	0.12	0.57	3.0
45.5	59.25	10.25	0.12	0.57	3.0
47.75	62.0	10.5	0.12	0.61	3.0
44.75	59.25	10.25	0.12	0.58	3.0
47.75	61.0	10.25	0.12	0.6	3.0
45.75	59.0	10.0	0.13	1.0	3.0
46.75	60.0	10.25	0.13	0.6	3.0
46.75	60.75	10.0	0.12	0.59	3.0
45.75	58.75	10.5	0.12	0.58	3.0
45.25	58.75	10.0	0.13	0.57	3.0
44.0	56.75	9.75	0.13	0.56	3.0
44.75	57.75	9.75	0.13	0.96	3.0
44.0	57.25	10.0	0.12	0.95	3.0
43.5	56.5	9.75	0.12	0.98	3.0
44.5	58.25	10.0	0.13	0.56	3.0
42.5	55.25	10.0	0.12	0.56	3.0
45.5	59.5	10.0	0.12	0.59	3.0
46.25	60.5	10.25	0.12	0.59	3.0
45.5	59.5	10.25	0.12	0.57	3.0
45.25	59.0	10.25	0.12	0.57	3.0
45.25	59.5	10.5	0.12	0.57	3.0
45.25	59.5	10.25	0.12	0.58	3.0
45.0	59.25	9.75	0.12	0.98	3.0
43.5	57.25	10.25	0.12	0.55	3.0
44.25	58.25	10.0	0.12	0.98	3.0
44.0	57.75	10.0	0.12	0.57	3.0
43.75	57.5	10.0	0.12	0.56	3.0
44.25	57.75	9.75	0.12	0.56	3.0
44.75	58.25	9.75	0.12	0.97	3.0
44.0	57.5	9.75	0.12	0.58	3.0
42.0	54.75	9.75	0.12	0.91	3.0
39.75	52.5	9.5	0.12	0.51	3.0
40.75	54.25	9.5	0.12	0.91	3.0
40.25	54.0	10.0	0.12	0.49	3.0
45.25	63.75	40.25	0.14	1.0	6.0
48.5	73.25	40.25	0.15	0.55	6.0
21.25	30.5	17.5	0.13	0.7	2.0
21.5	31.5	18.0	0.09	0.27	2.0
21.0	30.75	18.0	0.09	0.71	2.0
20.5	30.25	17.25	0.08	0.27	2.0
21.0	30.75	17.75	0.09	0.27	2.0
