180?/s	1500?/s?	56pi*mm/360?	50ms/snap
R	G	B	Ambient	RedMode	ID
7.25	32.75	23.5	0.12	0.53	2.0
7.0	33.25	23.5	0.12	0.09	2.0
7.5	34.5	23.75	0.12	0.56	2.0
7.5	34.0	22.75	0.12	0.53	2.0
8.0	35.0	22.75	0.12	0.56	2.0
8.25	36.0	23.0	0.12	0.11	2.0
8.25	37.0	24.25	0.12	0.53	2.0
8.0	36.75	24.75	0.12	0.09	2.0
7.75	35.5	24.75	0.12	0.52	2.0
7.25	34.25	24.0	0.12	0.54	2.0
7.25	34.75	24.25	0.12	0.09	2.0
7.25	34.25	23.5	0.12	0.55	2.0
7.75	34.0	23.25	0.11	0.54	2.0
7.5	34.75	24.5	0.11	0.1	2.0
7.75	32.5	20.0	0.11	0.09	2.0
8.5	37.0	25.0	0.11	0.1	2.0
8.0	37.25	26.0	0.11	0.56	2.0
8.0	37.0	26.0	0.11	0.1	2.0
7.5	36.25	25.5	0.1	0.09	2.0
7.5	36.75	25.5	0.11	0.1	2.0
7.25	35.25	25.5	0.1	0.09	2.0
6.75	34.75	24.75	0.1	0.09	2.0
7.25	35.0	24.75	0.1	0.54	2.0
7.5	36.75	25.75	0.1	0.09	2.0
7.25	35.0	24.5	0.09	0.56	2.0
7.25	35.5	24.75	0.1	0.1	2.0
7.0	33.75	23.5	0.09	0.09	2.0
7.5	35.75	24.75	0.09	0.1	2.0
7.25	35.25	24.5	0.09	0.08	2.0
7.75	37.0	25.5	0.08	0.1	2.0
7.5	35.5	25.0	0.08	0.53	2.0
7.5	36.0	25.5	0.07	0.53	2.0
6.75	33.25	24.25	0.08	0.09	2.0
7.0	33.75	24.25	0.07	0.09	2.0
6.75	32.5	23.75	0.07	0.08	2.0
7.25	33.75	24.75	0.07	0.09	2.0
6.75	34.25	24.75	0.07	0.57	2.0
7.25	34.75	25.0	0.07	0.08	2.0
7.0	34.25	25.0	0.07	0.08	2.0
7.25	35.0	25.25	0.07	0.08	2.0
7.0	34.5	25.25	0.07	0.09	2.0
8.0	35.75	26.0	0.07	0.09	2.0
7.75	36.75	26.0	0.08	0.55	2.0
8.0	36.75	26.0	0.07	0.1	2.0
7.5	36.0	26.0	0.07	0.09	2.0
7.5	36.0	25.75	0.07	0.09	2.0
8.5	37.25	26.25	0.07	0.1	2.0
7.75	35.5	25.75	0.07	0.55	2.0
8.0	36.25	26.25	0.07	0.58	2.0
7.25	34.5	25.25	0.07	0.09	2.0
11.0	14.0	7.5	0.06	0.6	2.0
8.0	37.0	27.0	0.06	0.1	2.0
8.5	38.25	27.5	0.07	0.1	2.0
8.0	38.0	27.5	0.07	0.09	2.0
8.25	38.5	27.5	0.07	0.1	2.0
7.25	35.0	26.0	0.06	0.09	2.0
7.0	34.75	25.5	0.06	0.09	2.0
7.25	34.75	25.25	0.06	0.09	2.0
7.0	33.25	24.25	0.06	0.08	2.0
7.25	33.5	24.25	0.06	0.1	2.0
7.75	35.0	25.25	0.06	0.09	2.0
7.25	34.25	24.5	0.06	0.08	2.0
7.25	33.0	24.5	0.06	0.08	2.0
6.75	33.25	24.25	0.05	0.09	2.0
7.0	33.5	24.25	0.06	0.08	2.0
7.25	33.75	24.5	0.05	0.09	2.0
7.5	35.0	24.5	0.05	0.09	2.0
7.25	33.25	23.5	0.05	0.09	2.0
7.75	34.0	24.0	0.05	0.09	2.0
7.0	32.75	23.25	0.05	0.54	2.0
7.0	31.5	22.75	0.05	0.09	2.0
6.75	31.25	22.5	0.04	0.09	2.0
7.0	31.5	22.75	0.04	0.08	2.0
6.25	29.5	22.0	0.04	0.08	2.0
6.5	30.0	22.25	0.04	0.08	2.0
6.25	28.75	21.25	0.04	0.08	2.0
7.0	31.75	23.0	0.04	0.08	2.0
6.25	31.0	22.25	0.04	0.08	2.0
6.5	30.25	22.0	0.04	0.08	2.0
6.75	31.25	22.75	0.04	0.08	2.0
7.0	32.0	22.75	0.04	0.57	2.0
7.0	31.5	22.5	0.04	0.08	2.0
7.0	31.5	21.75	0.04	0.08	2.0
7.0	31.25	21.5	0.04	0.08	2.0
7.5	32.75	22.75	0.04	0.09	2.0
7.5	31.25	20.75	0.04	0.08	2.0
7.5	30.0	19.25	0.04	0.1	2.0
7.5	32.0	22.5	0.04	0.58	2.0
7.75	33.5	23.0	0.04	0.09	2.0
7.5	33.0	23.25	0.04	0.57	2.0
7.25	33.5	23.5	0.04	0.09	2.0
7.75	36.0	25.0	0.04	0.1	2.0
8.25	36.0	25.0	0.03	0.1	2.0
7.75	36.25	25.0	0.04	0.1	2.0
7.75	36.0	25.0	0.04	0.55	2.0
7.25	33.5	24.0	0.03	0.09	2.0
6.75	32.0	23.75	0.03	0.09	2.0
7.5	33.75	24.75	0.03	0.09	2.0
7.25	33.75	24.75	0.04	0.55	2.0
7.75	34.0	25.0	0.03	0.09	2.0
7.0	33.25	24.5	0.04	0.08	2.0
7.75	35.0	25.25	0.03	0.09	2.0
7.5	34.5	24.5	0.03	0.1	2.0
7.0	34.0	24.5	0.04	0.09	2.0
7.5	35.0	24.75	0.03	0.09	2.0
7.5	34.0	24.25	0.03	0.09	2.0
7.25	34.0	24.0	0.03	0.1	2.0
7.0	33.5	23.5	0.03	0.09	2.0
6.75	32.0	23.0	0.03	0.08	2.0
6.5	32.75	23.5	0.03	0.08	2.0
7.0	33.25	23.75	0.03	0.53	2.0
7.25	34.25	24.25	0.03	0.09	2.0
6.5	30.25	22.5	0.03	0.08	2.0
6.25	28.75	21.5	0.03	0.08	2.0
7.25	32.5	23.25	0.03	0.09	2.0
7.0	31.5	22.75	0.03	0.08	2.0
8.0	35.25	24.5	0.03	0.55	2.0
7.75	35.25	24.5	0.03	0.09	2.0
7.25	33.25	23.0	0.03	0.09	2.0
7.5	33.5	23.0	0.03	0.09	2.0
7.25	32.75	22.75	0.03	0.09	2.0
7.0	32.75	22.75	0.03	0.09	2.0
7.25	32.75	22.5	0.03	0.08	2.0
7.5	31.5	20.25	0.03	0.57	1.0
