180?/s	1500?/s?	56pi*mm/360?	50ms/snap
R	G	B	Ambient	RedMode	ID
22.25	31.5	17.75	0.0	0.29	2.0
25.0	34.25	17.75	0.0	0.31	2.0
8.0	11.0	5.0	0.01	0.09	7.0
20.25	24.0	12.0	0.01	0.29	2.0
24.0	33.5	18.25	0.03	0.29	2.0
23.5	32.75	18.0	0.04	0.29	2.0
23.25	32.5	17.75	0.05	0.3	2.0
23.5	31.25	17.5	0.05	0.3	2.0
23.25	32.25	17.75	0.05	0.29	2.0
22.5	31.0	17.5	0.05	0.28	2.0
22.5	31.5	17.75	0.05	0.28	2.0
22.25	31.0	17.5	0.05	0.29	2.0
22.25	31.5	18.0	0.05	0.29	2.0
22.75	31.75	17.75	0.05	0.28	2.0
21.5	30.0	17.0	0.05	0.27	2.0
21.0	29.5	17.25	0.04	0.27	2.0
21.75	30.75	17.5	0.05	0.28	2.0
21.5	30.5	17.5	0.05	0.28	2.0
22.0	31.0	17.75	0.05	0.73	2.0
22.5	32.0	18.0	0.05	0.28	2.0
21.75	30.75	17.5	0.05	0.28	2.0
21.5	30.0	17.25	0.05	0.27	2.0
21.75	30.25	17.5	0.05	0.27	2.0
21.5	30.5	17.5	0.05	0.27	2.0
21.75	30.5	17.75	0.05	0.27	2.0
22.25	31.25	18.0	0.05	0.28	2.0
21.5	30.5	17.5	0.05	0.27	2.0
21.75	30.5	17.75	0.05	0.28	2.0
22.25	30.75	17.75	0.05	0.73	2.0
22.5	31.75	18.0	0.05	0.28	2.0
22.5	31.75	18.25	0.05	0.29	2.0
23.0	32.75	18.75	0.05	0.29	2.0
23.0	33.25	18.5	0.05	0.3	2.0
23.0	33.0	18.75	0.05	0.71	2.0
22.5	32.25	18.5	0.05	0.29	2.0
22.5	32.25	18.75	0.05	0.28	2.0
22.75	32.25	18.75	0.05	0.29	2.0
22.5	32.25	18.5	0.04	0.73	2.0
22.75	32.75	18.5	0.05	0.29	2.0
22.0	31.25	17.5	0.05	0.27	2.0
22.75	32.25	18.0	0.05	0.29	2.0
13.75	34.75	8.5	0.04	0.15	1.0
15.5	34.0	13.5	0.04	0.7	2.0
23.25	32.75	18.0	0.05	0.29	2.0
23.25	32.0	17.5	0.05	0.3	2.0
23.0	32.25	18.0	0.05	0.29	2.0
22.75	31.75	17.75	0.05	0.71	2.0
22.75	31.75	17.75	0.05	0.73	2.0
22.5	31.25	17.5	0.05	0.28	2.0
23.0	31.75	18.0	0.05	0.3	2.0
23.5	33.0	18.25	0.05	0.3	2.0
23.25	32.5	18.25	0.05	0.76	2.0
23.0	32.5	18.0	0.04	0.3	2.0
23.5	32.0	18.0	0.05	0.3	2.0
24.0	33.0	18.25	0.05	0.31	2.0
24.75	34.0	18.5	0.05	0.31	2.0
24.75	34.0	18.5	0.05	0.31	2.0
24.0	32.75	18.0	0.05	0.3	2.0
23.25	32.0	17.75	0.05	0.3	2.0
23.5	32.25	18.0	0.05	0.3	2.0
23.25	32.25	17.75	0.05	0.3	2.0
24.25	33.5	18.5	0.05	0.31	2.0
24.0	33.25	18.25	0.05	0.31	2.0
23.5	32.25	18.0	0.05	0.3	2.0
24.0	32.5	18.0	0.05	0.3	2.0
23.75	32.5	17.75	0.05	0.3	2.0
25.0	34.0	18.5	0.05	0.32	2.0
24.5	33.5	18.25	0.05	0.31	2.0
23.5	32.5	17.75	0.05	0.72	2.0
22.5	31.5	17.75	0.05	0.28	2.0
23.0	32.25	17.75	0.05	0.29	2.0
23.5	32.5	18.0	0.05	0.32	2.0
24.0	33.5	18.5	0.05	0.3	2.0
24.5	34.25	18.75	0.05	0.3	2.0
23.25	32.75	18.0	0.05	0.73	2.0
23.25	33.0	18.5	0.04	0.3	2.0
23.5	32.75	18.25	0.05	0.3	2.0
24.5	34.0	18.75	0.05	0.31	2.0
24.5	34.25	18.75	0.05	0.77	2.0
25.0	34.5	18.75	0.04	0.32	2.0
24.75	34.25	18.5	0.05	0.32	2.0
24.75	34.0	18.0	0.05	0.31	2.0
24.0	33.5	17.75	0.04	0.29	13.0
7.0	7.25	5.25	0.04	0.09	7.0
9.25	11.5	10.0	0.01	0.2	2.0
24.0	32.5	17.75	0.04	0.31	2.0
25.0	33.25	18.25	0.04	0.75	2.0
24.75	33.0	17.75	0.05	0.31	2.0
24.5	33.25	18.5	0.05	0.31	2.0
24.25	32.75	18.25	0.05	0.3	2.0
23.5	31.75	17.5	0.04	0.3	2.0
25.75	34.5	18.25	0.05	0.33	2.0
26.0	34.75	18.25	0.05	0.33	2.0
26.0	34.5	18.0	0.04	0.33	2.0
25.5	34.0	18.25	0.04	0.33	2.0
25.75	34.75	18.25	0.04	0.32	2.0
24.25	32.75	17.75	0.05	0.73	2.0
25.0	33.75	18.25	0.05	0.32	2.0
24.75	33.25	17.75	0.05	0.31	2.0
24.5	33.25	18.0	0.05	0.75	2.0
25.5	34.75	18.75	0.05	0.32	2.0
23.75	33.0	18.25	0.04	0.32	2.0
25.25	34.25	18.5	0.05	0.32	2.0
25.75	35.0	19.25	0.05	0.32	2.0
26.0	35.25	18.75	0.04	0.79	2.0
25.75	34.25	18.25	0.04	0.32	2.0
25.75	34.5	18.0	0.04	0.76	2.0
25.5	34.5	18.5	0.05	0.33	2.0
26.0	35.25	18.5	0.05	0.33	2.0
25.75	34.75	18.5	0.05	0.75	2.0
26.25	35.0	18.75	0.04	0.33	2.0
25.75	34.5	18.5	0.04	0.33	2.0
26.0	34.75	18.5	0.04	0.34	2.0
26.0	34.75	18.5	0.04	0.33	2.0
25.75	34.5	18.5	0.04	0.33	2.0
25.25	34.0	18.25	0.05	0.32	2.0
25.5	34.25	18.25	0.04	0.33	2.0
26.5	35.75	18.75	0.05	0.33	2.0
26.5	35.75	18.75	0.04	0.79	2.0
26.25	35.5	18.75	0.05	0.77	2.0
25.75	35.0	18.75	0.05	0.33	2.0
25.75	34.5	18.0	0.04	0.32	2.0
25.0	33.25	17.5	0.04	0.78	2.0
25.75	34.5	18.25	0.04	0.75	2.0
25.75	34.0	18.0	0.05	0.79	2.0
25.75	34.25	18.0	0.04	0.32	2.0
25.5	33.5	17.25	0.04	0.23	2.0
8.25	37.75	25.0	0.04	0.59	2.0
25.25	33.0	17.5	0.04	0.33	2.0
26.0	34.25	17.75	0.04	0.33	2.0
25.75	34.25	18.25	0.05	0.76	2.0
26.0	34.75	18.0	0.04	0.76	2.0
25.75	34.5	18.0	0.05	0.76	2.0
25.25	35.0	18.5	0.04	0.76	2.0
24.75	34.0	18.5	0.05	0.31	2.0
25.5	34.75	18.25	0.04	0.32	2.0
24.75	31.5	16.25	0.03	0.77	2.0
22.75	27.5	14.0	0.03	0.74	2.0
25.5	33.0	17.25	0.04	0.32	2.0
26.5	35.75	18.75	0.03	0.32	2.0
24.5	33.0	17.25	0.04	0.73	2.0
24.75	33.0	17.5	0.04	0.74	2.0
25.0	33.75	18.0	0.04	0.32	2.0
25.75	34.5	18.0	0.04	0.75	2.0
26.75	35.5	19.0	0.04	0.34	2.0
26.25	35.25	18.5	0.04	0.34	2.0
26.5	35.25	18.75	0.04	0.33	2.0
26.25	35.5	19.0	0.05	0.34	2.0
26.5	35.0	18.25	0.04	0.34	2.0
26.25	35.0	18.5	0.05	0.33	2.0
26.25	35.0	18.5	0.04	0.33	2.0
26.25	35.0	18.25	0.04	0.76	2.0
25.75	34.0	18.25	0.04	0.79	2.0
26.5	35.0	18.5	0.04	0.34	2.0
26.0	34.25	18.25	0.05	0.33	2.0
25.5	33.75	18.25	0.05	0.32	2.0
25.75	34.25	18.25	0.04	0.33	2.0
26.5	35.5	18.75	0.04	0.77	2.0
26.0	35.0	18.25	0.04	0.33	2.0
25.25	33.75	17.75	0.04	0.32	2.0
25.5	34.75	18.75	0.04	0.75	2.0
25.75	35.0	18.75	0.04	0.33	2.0
25.5	34.25	18.5	0.04	0.32	2.0
25.25	34.5	18.5	0.04	0.32	2.0
25.25	34.5	18.5	0.04	0.76	2.0
25.25	34.75	18.75	0.03	0.32	2.0
25.5	35.0	18.75	0.04	0.32	2.0
25.0	34.25	18.5	0.03	0.31	2.0
24.5	33.75	18.5	0.04	0.74	2.0
25.25	34.25	18.0	0.04	0.32	2.0
25.75	34.25	18.5	0.04	0.77	2.0
26.0	35.25	19.0	0.03	0.33	2.0
25.25	34.5	18.75	0.03	0.32	2.0
54.25	72.75	43.75	0.07	1.0	6.0
49.25	68.5	33.5	0.07	0.42	6.0
24.25	33.0	18.25	0.06	0.31	2.0
23.75	32.5	18.0	0.04	0.76	2.0
23.75	33.25	18.5	0.03	0.75	2.0
23.25	33.0	17.75	0.03	0.3	2.0
23.75	33.5	18.5	0.03	0.75	2.0
24.0	33.75	18.75	0.03	0.3	2.0
23.0	32.75	18.0	0.03	0.3	2.0
23.75	33.5	18.25	0.03	0.3	2.0
24.5	34.25	18.75	0.03	0.31	2.0
24.5	34.5	18.5	0.03	0.32	2.0
